25,25,0,12,42,1,7,112,5
434,25,1,12,42,1,7,112,5
835,25,2,12,42,1,7,112,5
1240,25,3,12,42,1,7,112,5
38799,25,125,12,42,1,7,112,5
39265,25,126,12,42,1,7,150,5
39714,25,127,12,42,1,7,128,5
40215,25,128,12,42,1,7,128,5
40718,25,129,12,42,1,7,148,5
41229,25,130,12,42,1,7,148,5
41748,25,131,12,42,1,7,148,5
42284,25,132,12,42,1,7,148,5
42821,25,133,12,42,1,7,148,5
43377,25,134,12,42,1,7,148,5
43932,25,135,12,42,1,7,148,5
44483,25,136,12,42,1,7,148,5
45026,25,137,12,42,1,7,148,5
45563,25,138,12,42,1,7,148,5
46104,25,139,12,42,1,7,148,5
46652,25,140,12,43,1,7,148,5
80714,25,277,12,43,1,7,148,5
81280,25,278,12,43,1,7,62,5
81846,25,279,12,43,1,7,62,5
82414,25,280,12,43,1,7,58,5
82985,25,281,12,43,1,7,58,5
83564,25,282,12,43,1,7,58,5
84139,25,283,12,43,1,7,58,5
84718,25,284,12,43,1,7,58,5
85299,25,285,12,43,1,7,58,5
85865,25,286,12,43,1,7,58,5
86417,25,287,12,43,1,7,58,5
86963,25,288,12,43,1,7,58,5
87490,25,289,12,43,1,7,128,5
88009,25,290,12,43,1,7,128,5
88514,25,291,12,43,1,7,62,5
89015,25,292,12,43,1,7,148,5
89487,25,293,12,43,1,7,148,5
117850,25,421,12,43,1,7,148,5
118412,25,422,12,43,1,7,148,5
118979,25,423,12,43,1,7,112,5
119561,25,424,12,43,1,7,44,5
120138,25,425,12,43,1,7,44,5
120724,25,426,12,43,1,7,44,5
121302,25,427,12,43,1,7,44,5
121860,25,428,12,43,1,7,20,5
122414,25,429,12,43,1,7,20,5
122966,25,430,12,43,1,7,20,5
123516,25,431,12,43,1,7,20,5
124050,25,432,12,43,1,7,20,5
124572,25,433,12,43,1,7,20,5
125075,25,434,12,43,1,7,20,5
125553,25,435,12,43,1,7,150,5
126001,25,436,12,43,1,7,112,5
126450,25,437,12,43,1,7,112,5
156893,25,570,12,43,1,7,112,5
157473,25,571,12,43,1,7,44,5
158024,25,572,12,43,1,7,146,5
158580,25,573,12,43,1,7,146,5
159133,25,574,12,43,1,7,146,5
159685,25,575,12,43,1,7,146,5
160233,25,576,12,43,1,7,112,5
160765,25,577,12,43,1,7,112,5
175663,25,712,12,43,1,7,112,5
176160,25,713,12,43,1,7,112,5
176670,25,714,12,43,1,7,128,5
177172,25,715,12,43,1,7,137,5
177681,25,716,12,43,1,7,71,5
178191,25,717,12,43,1,7,19,5
178706,25,718,12,43,1,7,148,5
179222,25,719,12,43,1,7,161,5
179702,25,720,12,43,1,7,22,5
180189,25,721,12,43,1,7,22,5
180670,25,722,12,43,1,7,112,5
205260,25,842,12,43,1,7,112,5
205618,25,843,12,43,1,7,112,5
205994,25,844,12,43,1,7,44,5
206362,25,845,12,43,1,7,99,5
206763,25,846,12,43,1,7,44,5
207162,25,847,12,43,1,7,44,5
207567,25,848,12,43,1,7,99,5
207997,25,850,12,43,1,7,97,5
208453,25,851,12,43,1,7,97,5
208929,25,852,12,43,1,7,97,5
209424,25,853,12,43,1,7,97,5
209941,25,854,12,43,1,7,97,5
210461,25,855,12,43,1,7,97,5
210981,25,856,12,43,1,7,97,5
211524,25,857,12,43,1,7,97,5
212053,25,858,12,43,1,7,73,5
212591,25,859,12,43,1,7,73,5
214750,25,863,12,43,1,7,38,5
215304,25,864,12,43,1,7,161,5
215831,25,865,12,43,1,7,161,5
216338,25,866,12,43,1,7,161,5
216838,25,867,12,43,1,7,161,5
217324,25,868,12,43,1,7,161,5
217808,25,869,12,43,1,7,161,5
218271,25,870,12,43,1,7,22,5
243193,25,1001,12,43,1,7,112,5
243694,25,1002,12,43,1,7,112,5
244204,25,1003,12,43,1,7,112,5
244740,25,1004,12,43,1,7,44,5
245273,25,1005,12,43,1,7,150,5
245778,25,1006,12,43,1,7,99,5
246303,25,1007,12,43,1,7,73,5
288848,25,1139,12,43,1,7,73,5
289375,25,1140,12,43,1,7,38,5
289905,25,1141,12,43,1,7,145,5
290438,25,1142,12,43,1,7,19,5
290961,25,1143,12,43,1,7,19,5
291487,25,1144,12,43,1,7,19,5
292002,25,1145,12,43,1,7,38,5
292517,25,1146,12,43,1,7,73,5
293043,25,1147,12,43,1,7,73,5
293574,25,1148,12,44,1,7,97,5
294081,25,1149,12,44,1,7,97,5
294575,25,1150,12,44,1,7,97,5
295066,25,1151,12,44,1,7,97,5
295540,25,1152,12,44,1,7,97,5
295993,25,1153,12,44,1,7,97,5
296438,25,1154,12,44,1,7,97,5
296862,25,1155,12,44,1,7,97,5
297281,25,1156,12,44,1,7,97,5
297668,25,1157,12,44,1,7,73,5
362590,25,1435,12,44,1,7,99,5
363152,25,1436,12,44,1,7,112,5
363697,25,1438,12,44,1,7,44,5
364210,25,1439,12,44,1,7,92,5
364729,25,1440,12,44,1,7,92,5
365239,25,1441,12,44,1,7,92,5
365720,25,1442,12,44,1,7,92,5
366179,25,1443,12,44,1,7,92,5
366635,25,1444,12,44,1,7,92,5
367068,25,1445,12,44,1,7,112,5
461278,25,1868,12,44,1,7,112,5
461832,25,1869,12,44,1,7,112,5
462389,25,1870,12,44,1,7,150,5
462933,25,1871,12,44,1,7,59,5
463480,25,1872,12,44,1,7,59,5
464039,25,1873,12,44,1,7,150,5
507211,25,2012,12,44,1,7,150,5
507717,25,2013,12,44,1,7,62,5
508236,25,2014,12,44,1,7,128,5
508767,25,2015,12,44,1,7,164,5
509294,25,2016,12,44,1,7,19,5
509811,25,2017,12,44,1,7,19,5
510335,25,2018,12,44,1,7,19,5
510860,25,2019,12,44,1,7,19,5
511364,25,2020,12,44,1,7,19,5
567653,25,2300,12,44,1,7,19,5
568184,25,2301,12,44,1,7,112,5
568712,25,2302,12,44,1,7,112,5
569242,25,2303,12,44,1,7,148,5
569755,25,2304,12,44,1,7,148,5
570259,25,2305,12,44,1,7,77,5
605936,25,2445,12,44,1,7,19,5
606482,25,2446,12,44,1,7,19,5
607024,25,2447,12,44,1,7,19,5
607538,25,2448,12,44,1,7,19,5
643868,25,2587,12,44,1,7,19,5
644452,25,2588,12,44,1,7,112,5
645031,25,2590,12,44,1,7,146,5
645597,25,2591,12,45,1,7,146,5
646158,25,2592,12,45,1,7,146,5
646692,25,2593,12,45,1,7,146,5
647211,25,2594,12,45,1,7,146,5
647711,25,2595,12,45,1,7,146,5
648180,25,2596,12,45,1,7,73,5
713864,25,2876,12,45,1,7,73,5
714400,25,2877,12,45,1,7,73,5
714942,25,2878,12,45,1,7,99,5
715487,25,2879,12,45,1,7,146,5
716027,25,2880,12,45,1,7,146,5
716557,25,2881,12,45,1,7,146,5
717074,25,2882,12,45,1,7,146,5
717580,25,2883,12,45,1,7,146,5
758300,25,3018,12,45,1,7,112,5
758858,25,3019,12,45,1,7,112,5
759415,25,3020,12,45,1,7,112,5
759977,25,3021,12,45,1,7,38,5
760532,25,3022,12,45,1,7,62,5
761079,25,3023,12,45,1,7,158,5
761606,25,3024,12,45,1,7,82,5
762140,25,3025,12,45,1,7,82,5
762679,25,3026,12,45,1,7,82,5
763204,25,3027,12,45,1,7,82,5
763728,25,3028,12,45,1,7,82,5
777275,25,3104,12,45,1,7,112,5
777698,25,3105,12,45,1,7,148,5
778125,25,3106,12,45,1,7,98,5
778548,25,3107,12,45,1,7,18,5
778990,25,3108,12,45,1,7,18,5
779430,25,3109,12,45,1,7,18,5
779890,25,3110,12,45,1,7,148,5
780809,25,3112,12,45,1,7,19,5
781274,25,3113,12,45,1,7,19,5
781754,25,3115,12,45,1,7,19,5
782233,25,3116,12,45,1,7,19,5
782722,25,3117,12,45,1,7,19,5
783204,25,3118,12,45,1,7,112,5
783700,25,3119,12,45,1,7,44,5
784174,25,3120,12,45,1,7,73,5
784647,25,3121,12,45,1,7,73,5
802479,25,3160,12,45,1,7,99,5
803022,25,3161,12,45,1,7,44,5
803548,25,3162,12,45,1,7,148,5
804072,25,3163,12,45,1,7,148,5
804591,25,3164,12,45,1,7,148,5
805107,25,3165,12,45,1,7,148,5
805615,25,3166,12,45,1,7,148,5
806117,25,3167,12,45,1,7,148,5
806617,25,3168,12,45,1,7,148,5
807107,25,3169,12,45,1,7,148,5
833831,25,3292,12,45,1,7,112,5
834283,25,3293,12,45,1,7,148,5
834743,25,3294,12,45,1,7,148,5
835231,25,3295,12,45,1,7,148,5
835741,25,3296,12,45,1,7,148,5
836250,25,3298,12,45,1,7,148,5
836793,25,3299,12,45,1,7,18,5
837352,25,3300,12,45,1,7,18,5
837922,25,3301,12,45,1,7,18,5
838509,25,3302,12,45,1,7,66,5
839092,25,3303,12,45,1,7,66,5
839671,25,3304,12,45,1,7,66,5
840255,25,3305,12,45,1,7,66,5
840834,25,3306,12,45,1,7,66,5
841421,25,3307,12,45,1,7,66,5
842016,25,3308,12,45,1,7,66,5
842610,25,3309,12,45,1,7,66,5
843192,25,3310,12,45,1,7,66,5
843754,25,3311,12,46,1,7,66,5
858216,25,3387,12,46,1,7,112,5
858439,25,3388,12,46,1,7,112,5
858663,25,3389,12,46,1,7,112,5
874369,25,3442,12,46,1,7,112,5
874894,25,3444,12,46,1,7,112,5
875437,25,3445,12,46,1,7,99,5
876560,25,3447,12,46,1,7,73,5
877144,25,3448,12,46,1,7,73,5
877734,25,3449,12,46,1,7,73,5
878322,25,3450,12,46,1,7,73,5
878909,25,3451,12,46,1,7,73,5
879504,25,3452,12,46,1,7,73,5
880080,25,3453,12,46,1,7,73,5
880642,25,3454,12,46,1,7,73,5
881186,25,3455,12,46,1,7,73,5
881715,25,3456,12,46,1,7,73,5
882231,25,3457,12,46,1,7,73,5
882707,25,3458,12,46,1,7,73,5
894489,25,3529,12,46,1,7,73,5
895161,25,3532,12,46,1,7,73,5
895408,25,3533,12,46,1,7,73,5
895654,25,3534,12,46,1,7,73,5
909337,25,3580,12,46,1,7,73,5
909790,25,3581,12,46,1,7,146,5
910259,25,3582,12,46,1,7,146,5
910748,25,3583,12,46,1,7,146,5
911246,25,3584,12,46,1,7,146,5
911750,25,3585,12,46,1,7,146,5
912261,25,3586,12,46,1,7,146,5
912784,25,3587,12,46,1,7,146,5
913311,25,3588,12,46,1,7,146,5
913848,25,3589,12,46,1,7,146,5
914391,25,3590,12,46,1,7,146,5
914935,25,3591,12,46,1,7,146,5
915487,25,3592,12,46,1,7,112,5
916046,25,3593,12,46,1,7,112,5
916601,25,3594,12,46,1,7,112,5
917155,25,3595,12,46,1,7,112,5
917696,25,3596,12,46,1,7,73,5
918242,25,3597,12,46,1,7,73,5
918775,25,3598,12,46,1,7,73,5
919306,25,3599,12,46,1,7,73,5
919838,25,3600,12,46,1,7,73,5
920351,25,3601,12,47,1,7,73,5
920835,25,3602,12,47,1,7,73,5
927050,25,3677,12,47,1,7,73,5
941123,25,3729,12,47,1,7,73,5
941611,25,3730,12,47,1,7,73,5
942114,25,3731,12,47,1,7,73,5
942627,25,3732,12,47,1,7,73,5
943165,25,3733,12,47,1,7,73,5
943710,25,3734,12,47,1,7,73,5
944251,25,3735,12,47,1,7,73,5
944794,25,3736,12,47,1,7,73,5
945329,25,3737,12,47,1,7,73,5
945870,25,3738,12,47,1,7,73,5
946408,25,3739,12,47,1,7,73,5
946962,25,3740,12,47,1,7,73,5
947511,25,3741,12,47,1,7,73,5
948071,25,3742,12,47,1,7,73,5
948623,25,3743,12,47,1,7,73,5
949168,25,3744,12,47,1,7,73,5
971480,25,3849,12,47,1,7,73,5
971802,25,3850,12,47,1,7,150,5
972108,25,3851,12,47,1,7,150,5
972404,25,3852,12,47,1,7,150,5
972704,25,3853,12,47,1,7,150,5
972980,25,3854,12,47,1,7,150,5
973243,25,3855,12,47,1,7,150,5
973500,25,3856,12,47,1,7,99,5
973768,25,3857,12,47,1,7,107,5
974047,25,3858,12,47,1,7,107,5
974325,25,3859,12,47,1,7,107,5
974624,25,3860,12,47,1,7,107,5
974933,25,3861,12,47,1,7,107,5
975242,25,3862,12,47,1,7,107,5
975556,25,3863,12,47,1,7,107,5
975878,25,3864,12,47,1,7,107,5
976219,25,3865,12,47,1,7,107,5
976573,25,3866,12,47,1,7,107,5
976934,25,3867,12,47,1,7,107,5
977310,25,3868,12,47,1,7,107,5
977706,25,3869,12,47,1,7,107,5
978113,25,3870,12,47,1,7,107,5
978517,25,3871,12,47,1,7,107,5
978933,25,3872,12,48,1,7,107,5
979360,25,3873,12,48,1,7,107,5
979788,25,3874,12,48,1,7,107,5
980220,25,3879,12,48,1,7,112,5
980683,25,3881,12,48,1,7,112,5
981659,25,3883,12,48,1,7,59,5
982132,25,3884,12,48,1,7,107,5
982614,25,3885,12,48,1,7,107,5
983103,25,3886,12,48,1,7,107,5
1013454,25,4013,12,48,1,7,107,5
1013748,25,4014,12,48,1,7,107,5
1014061,25,4015,12,48,1,7,107,5
1014389,25,4016,12,48,1,7,107,5
1014715,25,4017,12,48,1,7,107,5
1015042,25,4018,12,48,1,7,107,5
1015370,25,4019,12,48,1,7,107,5
1015707,25,4020,12,48,1,7,107,5
1016045,25,4021,12,48,1,7,107,5
1016393,25,4022,12,48,1,7,112,5
1016745,25,4023,12,48,1,7,112,5
1017126,25,4024,12,48,1,7,112,5
1017525,25,4025,12,48,1,7,44,5
1017910,25,4026,12,48,1,7,44,5
1018302,25,4027,12,48,1,7,107,5
1018722,25,4028,12,48,1,7,107,5
1019145,25,4029,12,48,1,7,107,5
1019554,25,4030,12,48,1,7,107,5
1019971,25,4031,12,48,1,7,107,5
1020392,25,4032,12,48,1,7,107,5
1020814,25,4033,12,48,1,7,107,5
1021229,25,4034,12,48,1,7,107,5
1021649,25,4035,12,48,1,7,107,5
1022056,25,4036,12,48,1,7,107,5
1022450,25,4037,12,48,1,7,107,5
1022832,25,4038,12,48,1,7,107,5
1033386,25,4100,12,48,1,7,107,5
1033615,25,4101,12,48,1,7,73,5
1033855,25,4102,12,48,1,7,73,5
1034357,25,4104,12,48,1,7,73,5
1034615,25,4105,12,48,1,7,73,5
1034865,25,4106,12,48,1,7,73,5
1035114,25,4107,12,48,1,7,73,5
1035364,25,4108,12,48,1,7,73,5
1035625,25,4109,12,48,1,7,73,5
1035883,25,4110,12,48,1,7,73,5
1036161,25,4111,12,48,1,7,73,5
1036444,25,4112,12,48,1,7,73,5
1036736,25,4113,12,48,1,7,73,5
1037045,25,4114,12,48,1,7,73,5
1037355,25,4115,12,48,1,7,73,5
1037675,25,4116,12,48,1,7,73,5
1038009,25,4117,12,48,1,7,73,5
1038338,25,4118,12,48,1,7,73,5
1038662,25,4119,12,49,1,7,73,5
1038999,25,4120,12,49,1,7,73,5
1039339,25,4121,12,49,1,7,73,5
1039683,25,4122,12,49,1,7,73,5
1040029,25,4123,12,49,1,7,73,5
1040381,25,4124,12,49,1,7,73,5
1040739,25,4125,12,49,1,7,73,5
1041087,25,4126,12,49,1,7,73,5
1041442,25,4127,12,49,1,7,73,5
1041793,25,4128,12,49,1,7,73,5
1042164,25,4129,12,49,1,7,73,5
1042517,25,4130,12,49,1,7,73,5
1042873,25,4131,12,49,1,7,97,5
1043237,25,4132,12,49,1,7,97,5
1043597,25,4133,12,49,1,7,97,5
1043956,25,4134,12,49,1,7,97,5
1044318,25,4135,12,49,1,7,97,5
1044683,25,4136,12,49,1,7,73,5
1050551,25,4154,12,49,1,7,73,5
1050915,25,4155,12,49,1,7,73,5
1051282,25,4156,12,49,1,7,73,5
1051648,25,4157,12,49,1,7,73,5
1052026,25,4158,12,49,1,7,73,5
1052411,25,4159,12,49,1,7,73,5
1052807,25,4160,12,49,1,7,73,5
1053206,25,4161,12,49,1,7,73,5
1053604,25,4162,12,49,1,7,73,5
1053999,25,4163,12,49,1,7,73,5
1054408,25,4164,12,49,1,7,73,5
1054830,25,4165,12,49,1,7,44,5
1055240,25,4166,12,49,1,7,44,5
1055654,25,4167,12,49,1,7,44,5
1056072,25,4168,12,49,1,7,107,5
1056502,25,4169,12,49,1,7,107,5
1056940,25,4170,12,49,1,7,107,5
1057378,25,4171,12,49,1,7,107,5
1057814,25,4172,12,49,1,7,107,5
1058244,25,4173,12,49,1,7,112,5
1058682,25,4174,12,49,1,7,119,5
1059124,25,4175,12,49,1,7,112,5
1059560,25,4176,12,49,1,7,148,5
1059994,25,4177,12,49,1,7,148,5
1072271,25,4243,12,49,1,7,148,5
1072494,25,4244,12,49,1,7,148,5
1072721,25,4245,12,49,1,7,44,5
1072949,25,4246,12,49,1,7,73,5
1074801,25,4254,12,49,1,7,73,5
1075059,25,4255,12,49,1,7,73,5
1075322,25,4256,12,49,1,7,73,5
1075596,25,4257,12,49,1,7,73,5
1075872,25,4258,12,49,1,7,73,5
1076157,25,4259,12,49,1,7,150,5
1076439,25,4260,12,49,1,7,38,5
1076735,25,4261,12,49,1,7,128,5
1077024,25,4262,12,49,1,7,112,5
1077324,25,4263,12,49,1,7,148,5
1077618,25,4264,12,49,1,7,18,5
1077930,25,4265,12,49,1,7,18,5
1078244,25,4266,12,49,1,7,18,5
1091616,25,4308,12,49,1,7,18,5
1091998,25,4309,12,49,1,7,18,5
1092380,25,4310,12,49,1,7,18,5
1092767,25,4311,12,49,1,7,18,5
1093173,25,4312,12,49,1,7,18,5
1093588,25,4313,12,49,1,7,18,5
1094019,25,4314,12,49,1,7,18,5
1094458,25,4315,12,49,1,7,18,5
1094905,25,4316,12,49,1,7,18,5
1095357,25,4317,12,49,1,7,18,5
1095814,25,4318,12,49,1,7,18,5
1096270,25,4319,12,49,1,7,18,5
1096720,25,4320,12,49,1,7,18,5
1097170,25,4321,12,50,1,7,18,5
1097616,25,4322,12,50,1,7,18,5
1098063,25,4323,12,50,1,7,112,5
1098508,25,4324,12,50,1,7,112,5
1110708,25,4387,12,50,1,7,112,5
1110946,25,4388,12,50,1,7,112,5
1111187,25,4389,12,50,1,7,44,5
1111416,25,4390,12,50,1,7,20,5
1111647,25,4391,12,50,1,7,20,5
1111868,25,4392,12,50,1,7,20,5
1112099,25,4393,12,50,1,7,20,5
1112339,25,4394,12,50,1,7,20,5
1112583,25,4395,12,50,1,7,20,5
1112834,25,4396,12,50,1,7,20,5
1113086,25,4397,12,50,1,7,20,5
1113350,25,4398,12,50,1,7,20,5
1113624,25,4399,12,50,1,7,20,5
1113906,25,4400,12,50,1,7,20,5
1134846,25,4461,12,50,1,7,112,5
1135307,25,4462,12,50,1,7,112,5
1135768,25,4463,12,50,1,7,112,5
1136227,25,4464,12,50,1,7,38,5
1172934,25,4598,12,50,1,7,112,5
1173389,25,4599,12,50,1,7,112,5
1173861,25,4600,12,50,1,7,112,5
1174330,25,4601,12,50,1,7,148,5
1174802,25,4602,12,50,1,7,148,5
1175271,25,4603,12,50,1,7,148,5
1175746,25,4604,12,50,1,7,148,5
1176223,25,4605,12,50,1,7,148,5
1176704,25,4606,12,50,1,7,148,5
1177191,25,4607,12,50,1,7,148,5
1177675,25,4608,12,50,1,7,148,5
1178152,25,4609,12,50,1,7,148,5
1178629,25,4610,12,50,1,7,148,5
1179105,25,4611,12,50,1,7,148,5
1179573,25,4612,12,50,1,7,148,5
1183519,25,4676,12,50,1,7,148,5
1183774,25,4677,12,50,1,7,148,5
1184044,25,4678,12,50,1,7,148,5
1184308,25,4679,12,50,1,7,148,5
1184588,25,4680,12,50,1,7,148,5
1184867,25,4681,12,50,1,7,148,5
1185139,25,4682,12,50,1,7,148,5
1185404,25,4683,12,50,1,7,148,5
1185672,25,4684,12,50,1,7,148,5
1185957,25,4685,12,50,1,7,148,5
1186248,25,4686,12,50,1,7,112,5
1186540,25,4687,12,50,1,7,44,5
1186842,25,4688,12,50,1,7,92,5
1187152,25,4689,12,50,1,7,92,5
1187485,25,4690,12,50,1,7,92,5
1187824,25,4691,12,50,1,7,92,5
1188169,25,4692,12,50,1,7,92,5
1188523,25,4693,12,50,1,7,92,5
1188872,25,4694,12,50,1,7,92,5
1189231,25,4695,12,50,1,7,92,5
1189614,25,4696,12,50,1,7,112,5
1190006,25,4697,12,50,1,7,128,5
1190388,25,4698,12,50,1,7,136,5
1190785,25,4699,12,50,1,7,137,5
1191192,25,4700,12,50,1,7,151,5
1191606,25,4701,12,50,1,7,151,5
1192036,25,4702,12,50,1,7,151,5
1192472,25,4703,12,50,1,7,151,5
1192906,25,4704,12,50,1,7,151,5
1193330,25,4705,12,50,1,7,151,5
1193771,25,4706,12,50,1,7,151,5
1194209,25,4707,12,50,1,7,151,5
1194648,25,4709,12,50,1,7,151,5
1195092,25,4710,12,50,1,7,151,5
1195517,25,4711,12,50,1,7,135,5
1206812,25,4739,12,50,1,7,62,5
1207307,25,4740,12,50,1,7,112,5
1207815,25,4741,12,50,1,7,112,5
1208340,25,4742,12,50,1,7,112,5
1208863,25,4743,12,50,1,7,73,5
1209380,25,4744,12,50,1,7,128,5
1209910,25,4745,12,50,1,7,151,5
1210437,25,4746,12,50,1,7,151,5
1210959,25,4747,12,50,1,7,151,5
1211471,25,4748,12,50,1,7,151,5
1211974,25,4749,12,50,1,7,151,5
1212477,25,4750,12,50,1,7,151,5
1212968,25,4751,12,50,1,7,151,5
1249104,25,4884,12,50,1,7,151,5
1249603,25,4885,12,50,1,7,151,5
1250108,25,4886,12,50,1,7,151,5
1250625,25,4887,12,50,1,7,151,5
1251138,25,4888,12,50,1,7,151,5
1251655,25,4890,12,50,1,7,151,5
1252187,25,4891,12,50,1,7,151,5
1252725,25,4892,12,51,1,7,151,6
1253249,25,4893,12,51,1,7,151,6
1253771,25,4894,12,51,1,7,151,6
1254291,25,4895,12,51,1,7,151,6
1254805,25,4896,12,51,1,7,151,6
1255300,25,4897,12,51,1,7,151,6
1255789,25,4899,12,51,1,7,151,6
1256261,25,4900,12,51,1,7,151,6
1256728,25,4901,12,51,1,7,151,6
1257193,25,4902,12,51,1,7,151,6
1257650,25,4903,12,51,1,7,151,6
1258101,25,4904,12,51,1,7,151,6
1258540,25,4905,12,51,1,7,151,6
1258973,25,4906,12,51,1,7,151,6
1259399,25,4907,12,51,1,7,151,6
1259818,25,4908,12,51,1,7,151,6
1260232,25,4909,12,51,1,7,151,6
1266039,25,4960,12,51,1,7,112,6
1266270,25,4961,12,51,1,7,137,6
1266516,25,4962,12,51,1,7,151,6
1266776,25,4963,12,51,1,7,151,6
1267035,25,4965,12,51,1,7,151,6
1267323,25,4966,12,51,1,7,135,6
1267608,25,4967,12,51,1,7,151,6
1267903,25,4968,12,51,1,7,151,6
1268195,25,4969,12,51,1,7,151,6
1268488,25,4970,12,51,1,7,151,6
1268795,25,4971,12,51,1,7,151,6
1269109,25,4972,12,51,1,7,151,6
1269420,25,4973,12,51,1,7,151,6
1269745,25,4974,12,51,1,7,151,6
1270088,25,4975,12,51,1,7,151,6
1270435,25,4976,12,51,1,7,151,6
1270797,25,4977,12,51,1,7,151,6
1271162,25,4978,12,51,1,7,151,6
1271529,25,4979,12,51,1,7,135,6
1271901,25,4980,12,51,1,7,151,6
1272284,25,4981,12,51,1,7,151,6
1272680,25,4982,12,51,1,7,151,6
1273073,25,4983,12,51,1,7,151,6
1273475,25,4984,12,51,1,7,151,6
1273880,25,4985,12,51,1,7,151,6
1274292,25,4986,12,51,1,7,151,6
1274718,25,4987,12,51,1,7,151,6
1275136,25,4988,12,51,1,7,151,6
1275562,25,4989,12,51,1,7,151,6
1275997,25,4990,12,51,1,7,151,6
1276438,25,4991,12,51,1,7,151,6
1276881,25,4992,12,51,1,7,151,6
1277324,25,4993,12,51,1,7,151,6
1277763,25,4994,12,51,1,7,151,6
1278204,25,4995,12,51,1,7,151,6
1278639,25,4996,12,51,1,7,112,6
1279084,25,4997,12,51,1,7,112,6
1279518,25,4998,12,51,1,7,112,6
1279954,25,4999,12,51,1,7,148,6
1280381,25,5000,12,51,1,7,128,6
1280815,25,5001,12,51,1,7,137,6
1281241,25,5002,12,51,1,7,151,6
1281669,25,5003,12,51,1,7,151,6
1282090,25,5004,12,51,1,7,151,6
1282505,25,5005,12,51,1,7,151,6
1282916,25,5006,12,52,1,7,128,6
1283323,25,5007,12,52,1,7,148,6
1283706,25,5008,12,52,1,7,148,6
1284087,25,5009,12,52,1,7,148,6
1289390,25,5022,12,52,1,7,18,6
1289857,25,5023,12,52,1,7,18,6
1290324,25,5024,12,52,1,7,18,6
1290812,25,5025,12,52,1,7,18,6
1291290,25,5027,12,52,1,7,112,6
1291785,25,5028,12,52,1,7,62,6
1292286,25,5029,12,52,1,7,151,6
1292802,25,5030,12,52,1,7,151,6
1293308,25,5031,12,52,1,7,151,6
1293815,25,5032,12,52,1,7,151,6
1294330,25,5033,12,52,1,7,151,6
1294850,25,5034,12,52,1,7,151,6
1295377,25,5035,12,52,1,7,151,6
1295922,25,5036,12,52,1,7,151,6
1296470,25,5037,12,52,1,7,151,6
1297004,25,5038,12,52,1,7,151,6
1297543,25,5039,12,52,1,7,151,6
1298085,25,5040,12,52,1,7,151,6
1298614,25,5041,12,52,1,7,151,6
1299140,25,5042,12,52,1,7,151,6
1299661,25,5043,12,52,1,7,151,6
1300162,25,5044,12,52,1,7,151,6
1300665,25,5045,12,52,1,7,151,6
1301157,25,5046,12,52,1,7,112,6
1340137,25,5174,12,52,1,7,112,6
1340682,25,5175,12,52,1,7,119,6
1341225,25,5176,12,52,1,7,119,6
1341772,25,5177,12,52,1,7,119,6
1342310,25,5178,12,52,1,7,119,6
1342845,25,5179,12,52,1,7,119,6
1343365,25,5180,12,52,1,7,119,6
1343876,25,5181,12,52,1,7,119,6
1344386,25,5182,12,52,1,7,119,6
1344861,25,5183,12,52,1,7,119,6
1345331,25,5184,12,52,1,7,119,6
1345784,25,5185,12,52,1,7,119,6
1346219,25,5186,12,52,1,7,119,6
1346633,25,5187,12,52,1,7,119,6
1347034,25,5188,12,52,1,7,119,6
1347420,25,5189,12,52,1,7,119,6
1347787,25,5190,12,52,1,7,119,6
1348142,25,5191,12,52,1,7,119,6
1358133,25,5259,12,52,1,7,112,6
1358361,25,5260,12,52,1,7,38,6
1358831,25,5262,12,52,1,7,62,6
1369709,25,5306,12,52,1,7,137,6
1370104,25,5307,12,52,1,7,137,6
1370515,25,5308,12,52,1,7,137,6
1370940,25,5309,12,52,1,7,137,6
1371380,25,5310,12,52,1,7,112,6
1371843,25,5311,12,52,1,7,73,6
1372321,25,5313,12,52,1,7,97,6
1372836,25,5314,12,52,1,7,97,6
1373363,25,5315,12,52,1,7,97,6
1373898,25,5316,12,52,1,7,97,6
1374439,25,5317,12,52,1,7,97,6
1374990,25,5318,12,52,1,7,97,6
1375545,25,5319,12,52,1,7,97,6
1376100,25,5320,12,52,1,7,97,6
1376651,25,5321,12,52,1,7,97,6
1377202,25,5322,12,52,1,7,146,6
1377755,25,5323,12,52,1,7,73,6
1378295,25,5324,12,52,1,7,73,6
1378829,25,5325,12,52,1,7,119,6
1393181,25,5404,12,52,1,7,137,6
1393393,25,5405,12,52,1,7,137,6
1393611,25,5406,12,52,1,7,137,6
1403410,25,5445,12,52,1,7,112,6
1403765,25,5446,12,52,1,7,38,6
1404132,25,5447,12,52,1,7,38,6
1404509,25,5448,12,52,1,7,137,6
1404917,25,5449,12,52,1,7,137,6
1405341,25,5450,12,52,1,7,137,6
1405781,25,5451,12,52,1,7,151,6
1406238,25,5452,12,52,1,7,151,6
1406711,25,5453,12,52,1,7,151,6
1407187,25,5454,12,52,1,7,151,6
1407678,25,5455,12,53,1,7,151,6
1408173,25,5456,12,53,1,7,151,6
1408682,25,5457,12,53,1,7,151,6
1409212,25,5458,12,53,1,7,151,6
1409757,25,5459,12,53,1,7,151,6
1410300,25,5460,12,53,1,7,73,6
1410852,25,5461,12,53,1,7,148,6
1411416,25,5462,12,53,1,7,18,6
1411987,25,5463,12,53,1,7,66,6
1412549,25,5464,12,53,1,7,66,6
1413121,25,5465,12,53,1,7,66,6
1413692,25,5466,12,53,1,7,66,6
1414258,25,5467,12,53,1,7,66,6
1414834,25,5468,12,53,1,7,66,6
1415398,25,5470,12,53,1,7,66,6
1415934,25,5471,12,53,1,7,66,6
1416449,25,5472,12,53,1,7,66,6
1416939,25,5473,12,53,1,7,66,6
1417406,25,5474,12,53,1,7,66,6
1417848,25,5475,12,53,1,7,66,6
1418260,25,5476,12,53,1,7,66,6
1418670,25,5477,12,53,1,7,66,6
1419062,25,5478,12,53,1,7,66,6
1419435,25,5479,12,53,1,7,66,6
1419802,25,5480,12,53,1,7,66,6
1420147,25,5481,12,53,1,7,66,6
1420467,25,5482,12,53,1,7,66,6
1420770,25,5483,12,53,1,7,66,6
1421062,25,5484,12,53,1,7,66,6
1421328,25,5485,12,53,1,7,18,6
1428778,25,5547,12,53,1,7,18,6
1429001,25,5548,12,53,1,7,148,6
1429224,25,5549,12,53,1,7,137,6
1429448,25,5550,12,53,1,7,137,6
1465516,25,5746,12,53,1,7,112,6
1466032,25,5747,12,53,1,7,112,6
1466558,25,5748,12,53,1,7,112,6
1467089,25,5749,12,53,1,7,112,6
1467627,25,5750,12,53,1,7,38,6
1468188,25,5751,12,53,1,7,44,6
1468751,25,5752,12,53,1,7,73,6
1469324,25,5753,12,53,1,7,38,6
1469902,25,5754,12,53,1,7,135,6
1470482,25,5755,12,53,1,7,151,6
1471057,25,5756,12,53,1,7,151,6
1471608,25,5757,12,53,1,7,112,6
1472157,25,5758,12,53,1,7,62,6
1472681,25,5759,12,53,1,7,128,6
1473197,25,5760,12,53,1,7,71,6
1578521,25,6136,12,53,1,7,128,6
1578937,25,6137,12,53,1,7,62,6
1579362,25,6138,12,53,1,7,137,6
1579787,25,6140,12,53,1,7,137,6
1580211,25,6141,12,53,1,7,137,6
1588959,25,6163,12,53,1,7,128,6
1589360,25,6164,12,53,1,7,38,6
1589765,25,6165,12,53,1,7,73,6
1590179,25,6166,12,53,1,7,73,6
1590598,25,6167,12,53,1,7,73,6
1591025,25,6168,12,53,1,7,73,6
1591452,25,6169,12,53,1,7,73,6
1591880,25,6170,12,53,1,7,73,6
1592314,25,6171,12,53,1,7,104,6
1592771,25,6172,12,53,1,7,104,6
1593233,25,6173,12,53,1,7,104,6
1593707,25,6174,12,53,1,7,104,6
1594198,25,6175,12,53,1,7,104,6
1594702,25,6176,12,53,1,7,104,6
1595202,25,6177,12,54,1,7,112,6
1614523,25,6268,12,54,1,7,112,6
1614738,25,6269,12,54,1,7,112,6
1614960,25,6270,12,54,1,7,112,6
1669048,25,6465,12,54,1,7,112,6
1669540,25,6466,12,54,1,7,44,6
1670026,25,6467,12,54,1,7,73,6
1670529,25,6468,12,54,1,7,73,6
1671039,25,6469,12,54,1,7,73,6
1671565,25,6470,12,54,1,7,104,6
1672091,25,6471,12,54,1,7,104,6
1672627,25,6472,12,54,1,7,104,6
1673167,25,6473,12,54,1,7,104,6
1673703,25,6474,12,54,1,7,104,6
1674245,25,6475,12,54,1,7,104,6
1674781,25,6476,12,54,1,7,73,6
1690278,25,6556,12,54,1,7,104,6
1690497,25,6557,12,54,1,7,104,6
1690714,25,6558,12,54,1,7,104,6
1731205,25,6744,12,54,1,7,73,6
1731611,25,6745,12,54,1,7,73,6
1732020,25,6746,12,54,1,7,73,6
1732441,25,6747,12,54,1,7,73,6
1732879,25,6748,12,54,1,7,73,6
1733335,25,6749,12,54,1,7,73,6
1734292,25,6751,12,54,1,7,104,6
1734793,25,6752,12,54,1,7,104,6
1735315,25,6753,12,54,1,7,104,6
1735850,25,6754,12,54,1,7,104,6
1736399,25,6755,12,54,1,7,104,6
1736955,25,6756,12,54,1,7,104,6
1737507,25,6757,12,54,1,7,104,6
1738073,25,6758,12,54,1,7,104,6
1738650,25,6759,12,54,1,7,104,6
1739220,25,6760,12,54,1,7,104,6
1739795,25,6761,12,54,1,7,104,6
1740376,25,6762,12,54,1,7,104,6
1740964,25,6763,12,54,1,7,104,6
1741551,25,6764,12,54,1,7,73,6
1769193,25,6890,12,54,1,7,73,6
1769619,25,6891,12,54,1,7,73,6
1770056,25,6892,12,54,1,7,73,6
1770516,25,6893,12,54,1,7,104,6
1771002,25,6894,12,54,1,7,104,6
1771491,25,6895,12,54,1,7,104,6
1771992,25,6896,12,54,1,7,104,6
1772509,25,6897,12,54,1,7,104,6
1773039,25,6898,12,54,1,7,104,6
1773578,25,6899,12,54,1,7,104,6
1774122,25,6900,12,54,1,7,104,6
1774665,25,6901,12,54,1,7,104,6
1775195,25,6902,12,54,1,7,73,6
1775746,25,6903,12,54,1,7,104,6
1776304,25,6904,12,54,1,7,104,6
1776862,25,6905,12,54,1,7,104,6
1777423,25,6906,12,54,1,7,104,6
1777990,25,6907,12,54,1,7,104,6
1778559,25,6908,12,54,1,7,104,6
1779141,25,6909,12,54,1,7,73,6
1796264,25,6981,12,54,1,7,73,6
1796524,25,6982,12,54,1,7,73,6
1796780,25,6983,12,54,1,7,73,6
1797035,25,6984,12,55,1,7,104,6
1797300,25,6985,12,55,1,7,104,6
1797575,25,6986,12,55,1,7,104,6
1797857,25,6987,12,55,1,7,104,6
1798143,25,6988,12,55,1,7,104,6
1798435,25,6989,12,55,1,7,104,6
1798737,25,6990,12,55,1,7,104,6
1799053,25,6991,12,55,1,7,104,6
1799384,25,6992,12,55,1,7,104,6
1799738,25,6993,12,55,1,7,104,6
1800096,25,6994,12,55,1,7,104,6
1800466,25,6995,12,55,1,7,104,6
1800837,25,6996,12,55,1,7,104,6
1801217,25,6997,12,55,1,7,104,6
1801601,25,6998,12,55,1,7,104,6
1801986,25,6999,12,55,1,7,104,6
1802371,25,7000,12,55,1,7,73,6
1802766,25,7001,12,55,1,7,44,6
1803150,25,7002,12,55,1,7,44,6
1803531,25,7003,12,55,1,7,112,6
1803929,25,7004,12,55,1,7,112,6
1804339,25,7005,12,55,1,7,150,6
1804752,25,7006,12,55,1,7,150,6
1805159,25,7007,12,55,1,7,73,6
1815335,25,7031,12,55,1,7,73,6
1815794,25,7032,12,55,1,7,104,6
1816245,25,7033,12,55,1,7,104,6
1816703,25,7034,12,55,1,7,104,6
1817177,25,7035,12,55,1,7,104,6
1817660,25,7036,12,55,1,7,104,6
1818149,25,7037,12,55,1,7,104,6
1818634,25,7038,12,55,1,7,104,6
1819130,25,7039,12,55,1,7,73,6
1819634,25,7040,12,55,1,7,73,6
1820150,25,7041,12,55,1,7,73,6
1820679,25,7042,12,55,1,7,44,6
1821208,25,7043,12,55,1,7,44,6
1821745,25,7044,12,55,1,7,74,6
1822297,25,7045,12,55,1,7,74,6
1822855,25,7046,12,55,1,7,74,6
1823421,25,7047,12,55,1,7,74,6
1823993,25,7048,12,55,1,7,74,6
1824562,25,7049,12,55,1,7,74,6
1825143,25,7050,12,55,1,7,74,6
1825734,25,7051,12,55,1,7,75,6
1867396,25,7176,12,55,1,7,75,6
1867822,25,7177,12,55,1,7,89,6
1868267,25,7178,12,55,1,7,89,6
1868723,25,7179,12,55,1,7,89,6
1869189,25,7180,12,55,1,7,89,6
1869659,25,7181,12,55,1,7,89,6
1870138,25,7182,12,55,1,7,89,6
1870630,25,7183,12,55,1,7,89,6
1871131,25,7184,12,55,1,7,89,6
1871631,25,7185,12,55,1,7,89,6
1872151,25,7186,12,56,1,7,89,7
1872667,25,7187,12,56,1,7,89,7
1873200,25,7188,12,56,1,7,89,7
1873740,25,7189,12,56,1,7,112,7
1874289,25,7190,12,56,1,7,112,7
1874848,25,7191,12,56,1,7,44,7
1875407,25,7192,12,56,1,7,112,7
1907552,25,7330,12,56,1,7,112,7
1908087,25,7331,12,56,1,7,89,7
1908625,25,7332,12,56,1,7,89,7
1909168,25,7333,12,56,1,7,89,7
1909734,25,7334,12,56,1,7,89,7
1910309,25,7335,12,56,1,7,89,7
1910884,25,7336,12,56,1,7,89,7
1911464,25,7337,12,56,1,7,89,7
1912040,25,7338,12,56,1,7,112,7
1912624,25,7339,12,56,1,7,44,7
1941620,25,7472,12,56,1,7,112,7
1942130,25,7473,12,56,1,7,89,7
1942644,25,7474,12,56,1,7,89,7
1943178,25,7475,12,56,1,7,89,7
1943738,25,7476,12,56,1,7,89,7
1944306,25,7477,12,56,1,7,89,7
1944883,25,7478,12,56,1,7,89,7
1945454,25,7479,12,56,1,7,89,7
1946029,25,7480,12,56,1,7,89,7
1946617,25,7481,12,56,1,7,89,7
1947204,25,7482,12,56,1,7,89,7
1947787,25,7483,12,56,1,7,89,7
1948352,25,7484,12,56,1,7,89,7
1948905,25,7485,12,56,1,7,112,7
1963492,25,7564,12,56,1,7,112,7
1963707,25,7565,12,56,1,7,112,7
2006057,25,7756,12,56,1,7,112,7
2006504,25,7757,12,56,1,7,89,7
2006966,25,7758,12,56,1,7,89,7
2007445,25,7759,12,56,1,7,89,7
2007943,25,7760,12,56,1,7,15,7
2008447,25,7761,12,56,1,7,15,7
2008957,25,7762,12,56,1,7,15,7
2079764,25,8018,12,56,1,7,38,7
2080194,25,8019,12,56,1,7,128,7
2080611,25,8020,12,56,1,7,112,7
2081036,25,8021,12,56,1,7,74,7
2089240,25,8042,12,56,1,7,75,7
2089679,25,8043,12,56,1,7,89,7
2090119,25,8044,12,56,1,7,89,7
2090577,25,8045,12,56,1,7,89,7
2091044,25,8046,12,56,1,7,89,7
2091516,25,8047,12,56,1,7,89,7
2092003,25,8048,12,56,1,7,89,7
2092492,25,8049,12,56,1,7,15,7
2144256,25,8198,12,56,1,7,15,7
2144800,25,8199,12,56,1,7,15,7
2145341,25,8200,12,57,1,7,15,7
2145875,25,8201,12,57,1,7,15,7
2146409,25,8202,12,57,1,7,15,7
2146942,25,8203,12,57,1,7,15,7
2147470,25,8204,12,57,1,7,15,7
2147989,25,8205,12,57,1,7,15,7
2202741,25,8423,12,57,1,7,15,7
2203062,25,8424,12,57,1,7,15,7
2203380,25,8425,12,57,1,7,15,7
2203700,25,8426,12,57,1,7,15,7
2204029,25,8427,12,57,1,7,15,7
2204365,25,8428,12,57,1,7,15,7
2204712,25,8429,12,57,1,7,15,7
2205064,25,8430,12,57,1,7,89,7
2205418,25,8431,12,57,1,7,89,7
2205784,25,8432,12,57,1,7,89,7
2206152,25,8433,12,57,1,7,89,7
2206522,25,8434,12,57,1,7,89,7
2206895,25,8435,12,57,1,7,89,7
2207290,25,8436,12,57,1,7,89,7
2207680,25,8437,12,57,1,7,89,7
2208080,25,8438,12,57,1,7,89,7
2208489,25,8439,12,57,1,7,89,7
2208912,25,8440,12,57,1,7,112,7
2229527,25,8485,12,57,1,7,112,7
2230128,25,8486,12,57,1,7,112,7
2230737,25,8487,12,57,1,7,15,7
2231350,25,8488,12,57,1,7,15,7
2231954,25,8489,12,57,1,7,15,7
2232556,25,8490,12,57,1,7,15,7
2233155,25,8491,12,57,1,7,15,7
2233739,25,8492,12,57,1,7,15,7
2263738,25,8628,12,57,1,7,15,7
2264283,25,8629,12,57,1,7,15,7
2264829,25,8630,12,57,1,7,15,7
2265375,25,8631,12,57,1,7,15,7
2265928,25,8632,12,57,1,7,15,7
2266479,25,8633,12,57,1,7,15,7
2267033,25,8634,12,57,1,7,15,7
2267595,25,8635,12,57,1,7,15,7
2268164,25,8636,12,57,1,7,15,7
2268717,25,8637,12,57,1,7,15,7
2286815,25,8763,12,57,1,7,15,7
2287225,25,8764,12,57,1,7,15,7
2287645,25,8765,12,57,1,7,15,7
2288079,25,8766,12,57,1,7,15,7
2288529,25,8767,12,57,1,7,15,7
2288989,25,8768,12,57,1,7,15,7
2289455,25,8769,12,57,1,7,15,7
2289934,25,8770,12,57,1,7,112,7
2290424,25,8771,12,57,1,7,38,7
2290933,25,8772,12,57,1,7,62,7
2291454,25,8773,12,57,1,7,137,7
2291994,25,8774,12,57,1,7,70,7
2292548,25,8775,12,57,1,7,70,7
2293103,25,8776,12,57,1,7,128,7
2327681,25,8923,12,57,1,7,59,7
2328209,25,8924,12,57,1,7,107,7
2328724,25,8925,12,57,1,7,107,7
2329233,25,8926,12,57,1,7,107,7
2329748,25,8927,12,57,1,7,107,7
2330253,25,8928,12,57,1,7,74,7
2330759,25,8929,12,57,1,7,15,7
2365780,25,9063,12,57,1,7,112,7
2366304,25,9064,12,57,1,7,112,7
2366836,25,9065,12,57,1,7,128,7
2367381,25,9066,12,57,1,7,62,7
2367932,25,9067,12,57,1,7,137,7
2368490,25,9068,12,57,1,7,25,7
2369052,25,9069,12,57,1,7,25,7
2369617,25,9070,12,57,1,7,25,7
2370175,25,9071,12,58,1,7,25,8
2370725,25,9072,12,58,1,7,25,8
2371272,25,9073,12,58,1,7,25,8
2371800,25,9074,12,58,1,7,25,8
2372323,25,9075,12,58,1,7,25,8
2372823,25,9076,12,58,1,7,25,8
2373311,25,9077,12,58,1,7,25,8
2373793,25,9078,12,58,1,7,25,8
2374267,25,9079,12,58,1,7,25,8
2374732,25,9080,12,58,1,7,25,8
2375188,25,9081,12,58,1,7,25,8
2375635,25,9082,12,58,1,7,128,8
2390343,25,9153,12,58,1,7,112,8
2390701,25,9154,12,58,1,7,112,8
2391067,25,9155,12,58,1,7,73,8
2391440,25,9156,12,58,1,7,73,8
2391830,25,9157,12,58,1,7,104,8
2392235,25,9158,12,58,1,7,104,8
2392631,25,9160,12,58,1,7,78,8
2393043,25,9161,12,58,1,7,78,8
2393465,25,9162,12,58,1,7,78,8
2393895,25,9163,12,58,1,7,78,8
2394319,25,9164,12,58,1,7,78,8
2394740,25,9166,12,58,1,7,78,8
2395167,25,9168,12,58,1,7,78,8
2406480,25,9199,12,58,1,7,78,8
2406952,25,9200,12,58,1,7,78,8
2407434,25,9201,12,58,1,7,78,8
2407917,25,9202,12,58,1,7,78,8
2408401,25,9203,12,58,1,7,78,8
2408887,25,9204,12,58,1,7,78,8
2409382,25,9205,12,58,1,7,78,8
2409882,25,9206,12,58,1,7,78,8
2410382,25,9207,12,58,1,7,78,8
2410894,25,9208,12,58,1,7,78,8
2411420,25,9209,12,58,1,7,78,8
2411943,25,9210,12,58,1,7,78,8
2412470,25,9211,12,58,1,7,104,8
2412999,25,9212,12,58,1,7,104,8
2413533,25,9213,12,58,1,7,112,8
2414060,25,9214,12,58,1,7,112,8
2435456,25,9336,12,58,1,7,112,8
2435802,25,9337,12,58,1,7,89,8
2436156,25,9338,12,58,1,7,89,8
2436538,25,9339,12,58,1,7,89,8
2436928,25,9340,12,58,1,7,89,8
2437343,25,9341,12,58,1,7,89,8
2437774,25,9342,12,58,1,7,89,8
2438201,25,9343,12,58,1,7,15,8
2438639,25,9344,12,58,1,7,15,8
2439539,25,9346,12,58,1,7,15,8
2440005,25,9347,12,58,1,7,15,8
2440467,25,9348,12,58,1,7,15,8
2440942,25,9349,12,58,1,7,15,8
2441431,25,9350,12,58,1,7,15,8
2441925,25,9351,12,59,1,7,15,8
2442431,25,9352,12,59,1,7,38,8
2442941,25,9353,12,59,1,7,148,8
2443445,25,9354,12,59,1,7,148,8
2443950,25,9355,12,59,1,7,148,8
2444458,25,9356,12,59,1,7,148,8
2444961,25,9357,12,59,1,7,148,8
2445445,25,9358,12,59,1,7,148,8
2506882,25,9646,12,59,1,7,112,8
2524512,25,9774,12,59,1,7,112,8
2524962,25,9775,12,59,1,7,112,8
2525429,25,9776,12,59,1,7,38,8
2525906,25,9777,12,59,1,7,19,8
2526380,25,9778,12,59,1,7,19,8
2526851,25,9779,12,59,1,7,19,8
2527337,25,9780,12,59,1,7,19,8
2527833,25,9781,12,59,1,7,107,8
2528320,25,9782,12,59,1,7,50,8
2528821,25,9783,12,59,1,7,50,8
2529331,25,9784,12,59,1,7,50,8
2529851,25,9785,12,59,1,7,50,8
2530376,25,9786,12,59,1,7,50,8
2530893,25,9787,12,59,1,7,50,8
2604093,25,10081,12,59,1,7,112,8
2604558,25,10082,12,59,1,7,112,8
2605024,25,10083,12,59,1,7,38,8
2605478,25,10084,12,59,1,7,128,8
2605930,25,10085,12,59,1,7,62,8
2606370,25,10086,12,59,1,7,128,8
2606798,25,10087,12,59,1,7,19,8
2619731,25,10154,12,59,1,7,19,8
2620044,25,10155,12,59,1,7,19,8
2637049,25,10354,12,59,1,7,112,8
2637538,25,10355,12,59,1,7,15,8
2638041,25,10356,12,59,1,7,15,8
2638552,25,10357,12,59,1,7,15,8
2639071,25,10358,12,59,1,7,15,8
2639579,25,10359,12,59,1,7,15,8
2640090,25,10360,12,59,1,7,15,8
2640612,25,10361,12,59,1,7,15,8
2641122,25,10362,12,59,1,7,90,8
2641635,25,10363,12,59,1,7,90,8
2642142,25,10364,12,59,1,7,90,8
2642636,25,10365,12,59,1,7,90,8
2669560,25,10500,12,59,1,7,112,8
2670061,25,10501,12,59,1,7,112,8
2670566,25,10502,12,59,1,7,62,8
2671071,25,10503,12,59,1,7,137,8
2671570,25,10504,12,59,1,7,137,8
2673084,25,10507,12,59,1,7,137,8
2673589,25,10508,12,59,1,7,137,8
2674075,25,10509,12,59,1,7,137,8
2674558,25,10510,12,59,1,7,137,8
2696989,25,10636,12,59,1,7,112,8
2697385,25,10637,12,59,1,7,112,8
2697797,25,10638,12,59,1,7,112,8
2698235,25,10639,12,59,1,7,112,8
2711944,25,10732,12,59,1,7,112,8
2712120,25,10733,12,59,1,7,112,8
2721047,25,10776,12,59,1,7,112,8
2721418,25,10777,12,59,1,7,98,8
2722201,25,10779,12,59,1,7,66,8
2722620,25,10780,12,59,1,7,66,8
2723049,25,10781,12,59,1,7,66,8
2723503,25,10782,0,59,1,7,18,8
2723964,25,10783,12,59,1,7,66,8
2724437,25,10784,12,59,1,7,66,8
2724907,25,10785,12,59,1,7,18,8
2725378,25,10786,12,59,1,7,66,8
2725859,25,10787,12,59,1,7,66,8
2726341,25,10788,12,59,1,7,66,8
2726832,25,10789,12,59,1,7,66,8
2727343,25,10790,12,59,1,7,66,8
2727858,25,10791,12,59,1,7,66,8
2728374,25,10792,12,59,1,7,66,8
2728895,25,10793,12,59,1,7,66,8
2729410,25,10794,12,59,1,7,112,8
2755245,25,10926,12,59,1,7,112,8
2821759,25,11158,12,59,1,7,112,8
2822018,25,11159,12,59,1,7,148,8
2822294,25,11160,12,59,1,7,112,8
2822568,25,11161,12,59,1,7,112,8
2822865,25,11162,12,59,1,7,112,8
2846544,25,11223,12,59,1,7,89,8
2847047,25,11224,12,59,1,7,89,8
2847547,25,11225,12,59,1,7,89,8
2848051,25,11226,12,59,1,7,15,8
2848556,25,11227,12,59,1,7,15,8
2849039,25,11228,12,59,1,7,15,8
2849504,25,11229,12,59,1,7,15,8
2849972,25,11230,12,59,1,7,15,8
2850426,25,11231,12,59,1,7,15,8
2850864,25,11232,12,59,1,7,15,8
2851283,25,11233,12,59,1,7,15,8
2861413,25,11307,12,59,1,7,15,8
2861602,25,11308,12,59,1,7,15,8
2861797,25,11309,12,59,1,7,15,8
2890621,25,11519,12,60,1,7,150,9
2891094,25,11520,12,60,1,7,150,9
2891514,25,11521,12,60,1,7,15,9
2922312,25,11665,12,60,1,7,15,9
2922741,25,11666,12,60,1,7,15,9
2923156,25,11667,12,60,1,7,15,9
2937699,25,11785,12,60,1,7,15,9
2938094,25,11786,12,60,1,7,15,9
2938507,25,11787,12,60,1,7,15,9
2938939,25,11788,12,60,1,7,15,9
2939388,25,11789,12,60,1,7,15,9
2939845,25,11790,12,60,1,7,15,9
2940320,25,11791,12,60,1,7,15,9
2940798,25,11792,12,60,1,7,15,9
2941281,25,11793,12,60,1,7,15,9
2941773,25,11794,12,60,1,7,15,9
2942277,25,11795,12,60,1,7,15,9
2942782,25,11796,12,60,1,7,15,9
2943303,25,11797,12,60,1,7,15,9
2943862,25,11798,12,60,1,7,44,9
2944364,25,11800,12,60,1,7,142,9
2944914,25,11801,12,60,1,7,142,9
2945454,25,11802,12,60,1,7,142,9
2945972,25,11803,12,60,1,7,142,9
2946486,25,11804,12,60,1,7,142,9
2946997,25,11805,12,60,1,7,142,9
2947492,25,11806,12,60,1,7,142,9
2947973,25,11807,12,60,1,7,142,9
2948444,25,11808,12,60,1,7,142,9
2960365,25,11883,12,60,1,7,112,9
2960554,25,11884,12,60,1,7,112,9
2960755,25,11885,12,60,1,7,112,9
2980905,25,11950,12,60,1,7,15,9
2981461,25,11951,12,60,1,7,15,9
2993629,25,12011,12,60,1,7,15,9
2993810,25,12012,12,60,1,7,15,9
2994009,25,12013,12,60,1,7,15,9
2994226,25,12014,12,60,1,7,15,9
3023445,25,12093,12,60,1,7,15,9
3023965,25,12094,12,60,1,7,15,9
3049349,25,12182,12,60,1,7,15,9
3049804,25,12183,12,60,1,7,112,9
3050239,25,12184,12,60,1,7,112,9
3050670,25,12185,12,60,1,7,112,9
3051101,25,12186,12,60,1,7,112,9
3051546,25,12187,12,60,1,7,112,9
3051985,25,12188,12,60,1,7,112,9
3052428,25,12189,12,60,1,7,112,9
3052870,25,12190,12,60,1,7,112,9
3053314,25,12191,12,60,1,7,112,9
3053764,25,12192,12,60,1,7,112,9
3066463,25,12222,12,60,1,7,38,9
3066968,25,12223,12,60,1,7,19,9
3067471,25,12224,12,60,1,7,77,9
3067979,25,12225,12,60,1,7,77,9
3068499,25,12226,12,60,1,7,77,9
3069021,25,12227,12,60,1,7,77,9
3069536,25,12228,12,60,1,7,112,9
3095272,25,12354,12,60,1,7,44,9
3095635,25,12355,12,60,1,7,104,9
3096028,25,12356,12,60,1,7,104,9
3096443,25,12357,12,60,1,7,104,9
3096874,25,12358,12,60,1,7,104,9
3097320,25,12359,12,60,1,7,104,9
3097767,25,12360,12,60,1,7,104,9
3098225,25,12361,12,60,1,7,78,9
3098697,25,12362,12,60,1,7,104,9
3099183,25,12363,12,60,1,7,15,9
3099683,25,12364,12,60,1,7,15,9
3100196,25,12365,12,60,1,7,15,9
3100717,25,12366,12,60,1,7,38,9
3101249,25,12367,12,60,1,7,148,9
3101763,25,12368,12,60,1,7,19,9
3102303,25,12369,12,60,1,7,51,9
3102822,25,12370,12,60,1,7,51,9
3103356,25,12371,12,60,1,7,51,9
3103884,25,12372,12,60,1,7,51,9
3104413,25,12373,12,60,1,7,51,9
3104944,25,12374,12,60,1,7,51,9
3105463,25,12375,12,60,1,7,51,9
3105971,25,12376,12,60,1,7,51,9
3106463,25,12377,12,60,1,7,51,9
3106940,25,12378,12,60,1,7,51,9
3107409,25,12379,12,60,1,7,51,9
3127214,25,12496,12,60,1,7,112,9
3127543,25,12497,12,60,1,7,112,9
3132083,25,12508,12,60,1,7,112,9
3132595,25,12509,12,60,1,7,77,9
3133112,25,12510,12,60,1,7,140,9
3133615,25,12511,12,60,1,7,51,9
3134126,25,12512,12,60,1,7,51,9
3134645,25,12513,12,60,1,7,140,9
3135172,25,12514,12,60,1,7,51,9
3135693,25,12515,12,60,1,7,51,9
3136208,25,12516,12,60,1,7,51,9
3136715,25,12517,12,60,1,7,51,9
3137221,25,12518,12,60,1,7,51,9
3137710,25,12519,12,60,1,7,51,9
3138196,25,12520,12,60,1,7,51,9
3138675,25,12521,12,60,1,7,51,9
3139140,25,12522,12,60,1,7,51,9
3139605,25,12523,12,60,1,7,51,9
3140058,25,12524,12,60,1,7,51,9
3140482,25,12525,12,60,1,7,51,9
3140873,25,12526,12,60,1,7,112,9
3150187,25,12599,12,60,1,7,112,9
3150369,25,12600,12,60,1,7,112,9
3159150,25,12642,12,60,1,7,112,9
3159476,25,12643,12,60,1,7,112,9
3159816,25,12644,12,60,1,7,38,9
3160162,25,12645,12,60,1,7,112,9
3160510,25,12646,12,60,1,7,15,9
3160885,25,12647,12,60,1,7,15,9
3161274,25,12648,12,60,1,7,15,9
3161677,25,12649,12,60,1,7,15,9
3162089,25,12650,12,60,1,7,15,9
3185920,25,12799,12,60,1,7,15,9
3186888,25,12801,12,60,1,7,112,9
3187384,25,12802,12,60,1,7,112,9
3219268,25,12944,12,60,1,7,112,9
3219767,25,12945,12,60,1,7,38,9
3265383,25,13099,12,60,1,7,112,9
3265891,25,13100,12,60,1,7,39,9
3266379,25,13101,12,60,1,7,39,9
3266857,25,13102,12,60,1,7,39,9
3267329,25,13103,12,60,1,7,112,9
3303422,25,13233,12,60,1,7,112,9
3303931,25,13234,12,60,1,7,148,9
3304427,25,13235,12,60,1,7,19,9
3304903,25,13236,12,60,1,7,21,9
3305352,25,13237,12,60,1,7,21,9
3329131,25,13366,12,60,1,7,112,9
3329515,25,13367,12,60,1,7,112,9
3329916,25,13368,12,60,1,7,112,9
3330315,25,13369,12,60,1,7,38,9
3330735,25,13370,12,60,1,7,21,9
3331188,25,13371,12,60,1,7,140,9
3331630,25,13372,12,60,1,7,140,9
3332091,25,13373,12,60,1,7,51,9
3332583,25,13374,12,60,1,7,51,9
3333083,25,13375,12,60,1,7,51,9
3333556,25,13376,12,60,1,7,21,9
3334085,25,13377,12,60,1,7,51,9
3334604,25,13379,12,60,1,7,51,9
3335120,25,13380,12,60,1,7,51,9
3335632,25,13381,12,60,1,7,51,9
3336143,25,13382,12,60,1,7,51,9
3336648,25,13383,12,60,1,7,51,9
3337156,25,13384,12,60,1,7,51,9
3337646,25,13385,12,60,1,7,51,9
3338114,25,13386,12,60,1,7,51,9
3338567,25,13387,12,60,1,7,51,9
3338995,25,13388,12,60,1,7,51,9
3339409,25,13389,12,60,1,7,51,9
3339789,25,13390,12,60,1,7,51,9
3340141,25,13391,12,60,1,7,51,9
3340470,25,13392,12,60,1,7,51,9
3340786,25,13393,12,60,1,7,51,9
3360666,25,13508,12,60,1,7,112,9
3361061,25,13509,12,60,1,7,15,9
3361475,25,13510,12,60,1,7,15,9
3361914,25,13511,12,60,1,7,15,9
3362387,25,13513,12,60,1,7,89,9
3362837,25,13514,12,60,1,7,112,9
3363312,25,13515,12,60,1,7,112,9
3383651,25,13595,12,60,1,7,112,9
3383945,25,13596,12,60,1,7,112,9
3384247,25,13597,12,60,1,7,112,9
3384550,25,13598,12,60,1,7,112,9
3384851,25,13599,12,60,1,7,112,9
3385170,25,13600,12,60,1,7,157,9
3385483,25,13601,12,60,1,7,157,9
3385792,25,13602,12,60,1,7,112,9
3397373,25,13634,12,60,1,7,112,9
3397785,25,13635,12,60,1,7,112,9
3398191,25,13636,12,60,1,7,112,9
3398616,25,13637,12,60,1,7,157,9
3399009,25,13638,12,60,1,7,157,9
3399404,25,13639,12,60,1,7,157,9
3403523,25,13650,12,60,1,7,112,9
3403927,25,13651,12,60,1,7,112,9
3404382,25,13652,12,60,1,7,157,9
3404825,25,13653,12,60,1,7,157,9
3405250,25,13654,12,60,1,7,112,9
3405747,25,13655,12,60,1,7,157,9
3406217,25,13656,12,60,1,7,157,9
3406694,25,13657,12,60,1,7,157,9
3411170,25,13666,12,60,1,7,99,9
3411682,25,13667,12,60,1,7,78,9
3412187,25,13668,12,60,1,7,78,9
3412688,25,13669,12,60,1,7,78,9
3413189,25,13670,12,60,1,7,78,9
3413686,25,13671,12,60,1,7,78,9
3414182,25,13672,12,60,1,7,78,9
3414647,25,13673,12,60,1,7,112,9
3415100,25,13674,12,60,1,7,112,9
3415529,25,13675,12,60,1,7,112,9
3420511,25,13752,12,60,1,7,112,9
3536388,25,14202,12,60,1,7,38,9
3536797,25,14203,12,60,1,7,38,9
3576325,25,14372,12,60,1,7,112,9
3576697,25,14373,12,60,1,7,73,9
3577090,25,14374,12,60,1,7,73,9
3606779,25,14516,12,60,1,7,112,9
3608707,25,14521,12,60,1,7,59,9
3609135,25,14522,12,60,1,7,59,9
3609578,25,14523,12,60,1,7,59,9
3642406,25,14675,12,60,1,7,38,9
3642911,25,14676,12,60,1,7,38,9
3643412,25,14677,12,60,1,7,112,9
3643910,25,14678,12,60,1,7,112,9
3644415,25,14680,12,60,1,7,157,9
3644868,25,14681,12,60,1,7,157,9
3645310,25,14682,12,60,1,7,157,9
3645734,25,14683,12,60,1,7,157,9
3667055,25,14819,12,60,1,7,112,9
3703517,25,14973,12,60,1,7,99,9
3703996,25,14974,12,60,1,7,73,9
3704465,25,14975,12,60,1,7,112,9
3716459,25,15039,12,60,1,7,112,9
3716796,25,15040,12,60,1,7,112,9
3717133,25,15041,12,60,1,7,112,9
3717483,25,15042,12,60,1,7,112,9
3745169,25,15110,12,60,1,7,38,9
3745705,25,15111,12,60,1,7,137,9
3746231,25,15112,12,60,1,7,137,9
3746739,25,15113,12,60,1,7,137,9
3747250,25,15114,12,60,1,7,137,9
3820901,25,15403,12,60,1,7,62,9
3922516,25,16206,12,60,1,7,44,9
3922869,25,16207,12,60,1,7,44,9
3923230,25,16208,12,60,1,7,44,9
3923580,25,16209,12,60,1,7,20,9
3923959,25,16210,12,60,1,7,20,9
3924334,25,16211,12,60,1,7,20,9
3924714,25,16212,12,60,1,7,20,9
3925097,25,16213,12,60,1,7,20,9
3925476,25,16214,12,60,1,7,20,9
3925857,25,16215,12,60,1,7,20,9
3926271,25,16216,12,60,1,7,44,9
3926639,25,16217,12,60,1,7,112,9
4057266,25,16827,12,60,1,7,75,9
4057732,25,16828,12,60,1,7,75,9
4204588,25,17407,12,60,1,7,112,9
4205068,25,17408,12,60,1,7,112,9
4205545,25,17409,12,60,1,7,112,9
4261409,25,17695,12,60,1,7,112,9
4264755,25,17702,12,60,1,7,15,9
4265224,25,17703,12,60,1,7,15,9
4265705,25,17704,12,60,1,7,15,9
4266167,25,17705,12,60,1,7,15,9
4416937,25,18410,12,60,1,7,128,9
4417393,25,18411,12,60,1,7,71,9
4417842,25,18412,12,60,1,7,71,9
4418303,25,18413,12,60,1,7,71,9
4418771,25,18414,12,60,1,7,71,9
4419235,25,18415,12,60,1,7,71,9
4419699,25,18416,12,60,1,7,71,9
4420139,25,18417,12,60,1,7,128,9
4420604,25,18418,12,60,1,7,111,9
4421100,25,18419,12,60,1,7,140,9
4421573,25,18420,12,60,1,7,51,9
4422050,25,18421,12,60,1,7,51,9
4422525,25,18422,12,60,1,7,51,9
4422992,25,18423,12,60,1,7,51,9
4423453,25,18424,12,60,1,7,51,9
4423895,25,18425,12,60,1,7,51,9
4424330,25,18426,12,60,1,7,51,9
4424751,25,18427,12,60,1,7,51,9
4425165,25,18428,12,60,1,7,51,9
4425553,25,18429,12,60,1,7,51,9
4425925,25,18430,12,60,1,7,51,9
4426280,25,18431,12,60,1,7,51,9
4426624,25,18432,12,60,1,7,51,9
4426927,25,18433,12,60,1,7,128,9
4427233,25,18434,12,60,1,7,19,9
4427505,25,18435,0,60,1,7,77,9
4448808,25,18560,12,60,1,7,15,9
4449282,25,18561,12,60,1,7,15,9
4449758,25,18562,12,60,1,7,15,9
4450238,25,18563,12,60,1,7,15,9
4450712,25,18564,12,60,1,7,15,9
4451185,25,18565,12,60,1,7,15,9
4451670,25,18566,12,60,1,7,15,9
4452155,25,18567,12,60,1,7,15,9
4452641,25,18568,12,60,1,7,15,9
4473567,25,18699,12,60,1,7,15,9
4474022,25,18700,12,60,1,7,15,9
4474499,25,18701,12,60,1,7,15,9
4474979,25,18702,12,60,1,7,15,9
4475453,25,18703,12,60,1,7,15,9
4475940,25,18704,12,60,1,7,15,9
4476438,25,18705,12,60,1,7,15,9
4497799,25,18843,12,60,1,7,112,9
4498247,25,18844,12,60,1,7,112,9
4498744,25,18845,12,60,1,7,44,9
4499185,25,18846,12,60,1,7,62,9
4499657,25,18847,12,60,1,7,70,9
4500136,25,18848,12,60,1,7,70,9
4500618,25,18849,12,60,1,7,70,9
4501096,25,18850,12,60,1,7,70,9
4501587,25,18851,12,60,1,7,70,9
4502065,25,18852,12,60,1,7,128,9
4502563,25,18853,12,60,1,7,137,9
4503044,25,18854,12,60,1,7,137,9
4503515,25,18855,12,60,1,7,150,9
4528650,25,18990,12,60,1,7,112,9
4529090,25,18991,12,60,1,7,89,9
4529526,25,18993,12,60,1,7,89,9
4529964,25,18994,12,60,1,7,15,9
4551863,25,19093,12,60,1,7,89,9
4552197,25,19094,12,60,1,7,89,9
4552520,25,19095,12,60,1,7,52,9
4552832,25,19096,12,60,1,7,112,9
4553527,25,19098,12,60,1,7,89,9
4553876,25,19099,12,60,1,7,89,9
4554238,25,19100,12,60,1,7,89,9
4554588,25,19101,12,60,1,7,89,9
4554942,25,19102,12,60,1,7,89,9
4555297,25,19103,12,60,1,7,89,9
4555653,25,19104,12,60,1,7,89,9
4556006,25,19105,12,60,1,7,89,9
4556328,25,19106,12,60,1,7,112,9
4567578,25,19139,12,60,1,7,112,9
4568050,25,19140,12,60,1,7,89,9
4568493,25,19141,12,60,1,7,89,9
4568937,25,19142,12,60,1,7,89,9
4569394,25,19143,12,60,1,7,89,9
4569845,25,19144,12,60,1,7,89,9
4570304,25,19145,12,60,1,7,89,9
4570736,25,19146,12,60,1,7,112,9
4571200,25,19147,12,60,1,7,112,9
4660175,25,19564,12,60,1,7,112,9
4660636,25,19565,12,60,1,7,112,9
4661140,25,19566,12,60,1,7,137,9
4661624,25,19567,12,60,1,7,58,9
4662108,25,19568,12,60,1,7,58,9
4662594,25,19569,12,60,1,7,58,9
4663087,25,19570,12,60,1,7,58,9
4663579,25,19571,12,60,1,7,58,9
4664072,25,19572,12,60,1,7,58,9
4664560,25,19573,12,60,1,7,58,9
4665051,25,19574,12,60,1,7,58,9
4665537,25,19575,12,60,1,7,58,9
4666016,25,19576,12,60,1,7,58,9
4666491,25,19577,12,60,1,7,58,9
4666929,25,19578,12,60,1,7,58,9
4687652,25,19706,12,60,1,7,38,9
4688133,25,19707,12,60,1,7,137,9
4688585,25,19708,12,60,1,7,62,9
4689101,25,19709,12,60,1,7,58,9
4689589,25,19710,12,60,1,7,58,9
4690080,25,19711,12,60,1,7,58,9
4690577,25,19712,12,60,1,7,58,9
4691072,25,19713,12,60,1,7,58,9
4691567,25,19714,12,60,1,7,58,9
4692072,25,19715,12,60,1,7,58,9
4692571,25,19716,12,60,1,7,58,9
4693070,25,19717,12,60,1,7,58,9
4693554,25,19718,12,60,1,7,58,9
4694032,25,19719,12,60,1,7,58,9
4741166,25,19995,12,60,1,7,112,9
4741625,25,19996,12,60,1,7,112,9
4765031,25,20094,12,60,1,7,112,9
5100225,25,21671,12,60,1,7,112,9
5100510,25,21672,12,60,1,7,99,9
5100799,25,21673,12,60,1,7,50,9
5101088,25,21674,12,60,1,7,50,9
5101402,25,21675,12,60,1,7,50,9
5101732,25,21676,12,60,1,7,50,9
5102064,25,21677,12,60,1,7,50,9
5102412,25,21678,12,60,1,7,50,9
5102766,25,21679,12,60,1,7,50,9
5103140,25,21680,12,60,1,7,107,9
5103497,25,21681,12,60,1,7,50,9
5103863,25,21682,12,60,1,7,50,9
5104232,25,21683,12,60,1,7,50,9
5104596,25,21684,12,60,1,7,50,9
5117002,25,21719,12,60,1,7,38,9
5117450,25,21720,12,60,1,7,151,9
5117895,25,21721,12,60,1,7,151,9
5118336,25,21722,12,60,1,7,151,9
5118773,25,21723,12,60,1,7,151,9
5119231,25,21724,12,60,1,7,151,9
5119694,25,21725,12,60,1,7,151,9
5120155,25,21726,12,60,1,7,151,9
5120619,25,21727,12,60,1,7,151,9
5251621,25,22312,12,60,1,7,112,9
5252055,25,22313,12,60,1,7,112,9
5331131,25,22749,12,60,1,7,112,9
5348222,25,22882,12,60,1,7,15,9
5468012,25,23447,12,60,1,7,112,9
5580665,25,24108,12,60,1,7,112,9
