41,41,0,5,53,1,7,4,6
449,41,1,5,53,1,7,4,6
851,41,2,5,53,1,7,4,6
1256,41,3,5,53,1,7,4,6
1654,41,4,5,53,1,7,4,6
37069,41,121,5,53,1,7,135,6
37499,41,122,5,53,1,7,151,6
37936,41,123,5,53,1,7,151,6
38378,41,124,5,53,1,7,151,6
38820,41,125,5,53,1,7,151,6
39274,41,126,5,53,1,7,151,6
39741,41,127,5,53,1,7,151,6
40241,41,128,5,53,1,7,151,6
40741,41,129,5,53,1,7,151,6
41250,41,130,5,53,1,7,151,6
41766,41,131,5,53,1,7,151,6
42300,41,132,5,53,1,7,151,6
42837,41,133,5,53,1,7,151,6
43393,41,134,5,53,1,7,151,6
43942,41,135,5,53,1,7,62,6
44494,41,136,5,53,1,7,59,6
45034,41,137,5,53,1,7,4,6
45570,41,138,5,53,1,7,4,6
46108,41,139,5,53,1,7,4,6
46658,41,140,5,53,1,7,4,6
47209,41,141,5,53,1,7,4,6
47744,41,142,5,53,1,7,4,6
48285,41,143,5,53,1,7,4,6
48812,41,144,5,53,1,7,4,6
49330,41,145,5,53,1,7,4,6
49815,41,146,5,53,1,7,112,6
52424,41,152,5,53,1,7,151,6
52799,41,153,5,53,1,7,151,6
53156,41,154,5,53,1,7,151,6
53488,41,155,5,53,1,7,151,6
59808,41,202,5,53,1,7,151,6
59925,41,203,5,53,1,7,151,6
60044,41,204,5,53,1,7,151,6
60168,41,205,5,53,1,7,151,6
60295,41,206,5,53,1,7,151,6
60421,41,207,5,53,1,7,151,6
60558,41,208,5,53,1,7,151,6
60706,41,209,5,53,1,7,151,6
60859,41,210,5,53,1,7,151,6
61017,41,211,5,53,1,7,151,6
61176,41,212,5,53,1,7,151,6
61337,41,213,5,53,1,7,151,6
61501,41,214,5,53,1,7,151,6
61666,41,215,5,53,1,7,151,6
61830,41,216,5,53,1,7,151,6
61994,41,217,5,53,1,7,151,6
62164,41,218,5,53,1,7,151,6
76072,41,268,5,53,1,7,128,6
76546,41,269,5,53,1,7,151,6
77030,41,270,5,53,1,7,151,6
77528,41,271,5,53,1,7,151,6
78036,41,272,5,53,1,7,151,6
78558,41,273,5,53,1,7,151,6
79093,41,274,5,54,1,7,151,6
79624,41,275,5,54,1,7,62,6
80165,41,276,5,54,1,7,62,6
80727,41,277,5,54,1,7,44,6
81298,41,278,5,54,1,7,71,6
81864,41,279,5,54,1,7,145,6
82427,41,280,5,54,1,7,66,6
82998,41,281,5,54,1,7,66,6
83576,41,282,5,54,1,7,66,6
84152,41,283,5,54,1,7,66,6
84731,41,284,5,54,1,7,66,6
85310,41,285,5,54,1,7,66,6
85877,41,286,5,54,1,7,66,6
86428,41,287,5,54,1,7,66,6
86972,41,288,5,54,1,7,66,6
87505,41,289,5,54,1,7,66,6
88021,41,290,5,54,1,7,66,6
88527,41,291,5,54,1,7,66,6
89025,41,292,5,54,1,7,66,6
89497,41,293,5,54,1,7,66,6
89949,41,294,5,54,1,7,66,6
121882,41,428,5,54,1,7,135,6
122437,41,429,5,54,1,7,151,6
122988,41,430,5,54,1,7,151,6
123539,41,431,5,54,1,7,151,6
124073,41,432,5,54,1,7,151,6
124589,41,433,5,54,1,7,151,6
125091,41,434,5,54,1,7,151,6
125563,41,435,5,54,1,7,151,6
211539,41,857,5,54,1,7,151,6
212079,41,858,5,54,1,7,151,6
212617,41,859,5,54,1,7,151,6
213152,41,860,5,54,1,7,151,6
213690,41,861,5,54,1,7,151,6
214223,41,862,5,54,1,7,151,6
214774,41,863,5,54,1,7,151,6
215314,41,864,5,54,1,7,151,6
215841,41,865,5,54,1,7,151,6
216349,41,866,5,54,1,7,151,6
216849,41,867,5,54,1,7,151,6
217335,41,868,5,54,1,7,151,6
217818,41,869,5,54,1,7,151,6
218296,41,870,5,54,1,7,151,6
218759,41,871,5,54,1,7,151,6
219198,41,872,5,54,1,7,151,6
219625,41,873,5,54,1,7,151,6
220022,41,874,5,55,1,7,151,6
222949,41,953,5,55,1,7,107,6
223339,41,954,5,55,1,7,107,6
223737,41,955,5,55,1,7,107,6
224132,41,956,5,55,1,7,107,6
235613,41,985,5,55,1,7,107,6
236044,41,986,5,55,1,7,107,6
236475,41,987,5,55,1,7,99,6
236908,41,988,5,55,1,7,104,6
237346,41,989,5,55,1,7,104,6
237797,41,990,5,55,1,7,104,6
238253,41,991,5,55,1,7,104,6
238723,41,992,5,55,1,7,104,6
239211,41,993,5,55,1,7,104,6
239715,41,994,5,55,1,7,104,6
240223,41,995,5,55,1,7,104,6
240725,41,996,5,55,1,7,104,6
241219,41,997,5,55,1,7,104,6
241715,41,998,5,55,1,7,104,6
242223,41,999,5,55,1,7,104,6
285901,41,1132,5,55,1,7,104,6
286362,41,1133,5,55,1,7,104,6
286843,41,1135,5,55,1,7,104,6
287344,41,1136,5,55,1,7,104,6
287842,41,1137,5,55,1,7,104,6
288346,41,1138,5,55,1,7,104,6
288869,41,1139,5,55,1,7,104,6
289390,41,1140,5,55,1,7,104,6
289915,41,1141,5,55,1,7,104,6
317098,41,1266,5,55,1,7,104,6
317386,41,1267,5,55,1,7,104,6
317683,41,1268,5,55,1,7,104,6
317993,41,1269,5,55,1,7,104,6
318327,41,1270,5,55,1,7,73,6
363700,41,1438,5,55,1,7,99,6
364225,41,1439,5,55,1,7,142,6
364744,41,1440,5,55,1,7,142,6
365250,41,1441,5,55,1,7,142,6
365731,41,1442,5,55,1,7,142,6
366191,41,1443,5,55,1,7,142,6
366646,41,1444,5,55,1,7,142,6
367075,41,1445,5,55,1,7,142,6
367507,41,1446,5,55,1,7,142,6
367915,41,1447,5,55,1,7,142,6
368297,41,1448,5,55,1,7,142,6
376971,41,1509,5,55,1,7,44,6
377146,41,1510,5,55,1,7,44,6
390118,41,1563,5,55,1,7,104,6
390516,41,1564,5,55,1,7,104,6
390931,41,1565,5,55,1,7,104,6
391378,41,1567,5,55,1,7,104,6
391836,41,1568,5,55,1,7,104,6
398218,41,1580,5,55,1,7,150,6
398756,41,1581,5,55,1,7,99,6
399293,41,1582,5,55,1,7,104,6
399812,41,1583,5,55,1,7,104,6
422163,41,1720,5,55,1,7,73,6
422711,41,1721,5,55,1,7,104,6
423259,41,1722,5,55,1,7,104,6
423808,41,1723,5,55,1,7,104,6
424352,41,1724,5,55,1,7,104,6
424911,41,1725,5,55,1,7,104,6
425470,41,1726,5,55,1,7,104,6
426029,41,1727,5,56,1,7,104,7
426571,41,1728,5,56,1,7,104,7
458616,41,1863,5,56,1,7,59,7
459144,41,1864,5,56,1,7,150,7
459675,41,1865,5,56,1,7,73,7
460209,41,1866,5,56,1,7,73,7
460752,41,1867,5,56,1,7,104,7
461298,41,1868,5,56,1,7,104,7
461852,41,1869,5,56,1,7,104,7
462396,41,1870,5,56,1,7,112,7
462946,41,1871,5,56,1,7,89,7
463493,41,1872,5,56,1,7,89,7
464049,41,1873,5,56,1,7,89,7
464601,41,1874,5,56,1,7,89,7
465135,41,1875,5,56,1,7,89,7
476743,41,1924,5,56,1,7,44,7
476897,41,1925,5,56,1,7,148,7
477057,41,1926,5,56,1,7,19,7
477226,41,1927,5,56,1,7,19,7
477408,41,1928,5,56,1,7,19,7
477598,41,1929,5,56,1,7,19,7
477797,41,1930,5,56,1,7,151,7
478000,41,1931,5,56,1,7,151,7
478222,41,1932,5,56,1,7,151,7
478461,41,1933,5,56,1,7,151,7
478725,41,1934,5,56,1,7,151,7
478997,41,1936,5,56,1,7,112,7
479293,41,1937,5,56,1,7,44,7
479597,41,1938,5,56,1,7,73,7
479910,41,1939,5,56,1,7,73,7
480223,41,1940,5,56,1,7,97,7
480539,41,1941,5,56,1,7,97,7
480856,41,1942,5,56,1,7,97,7
481181,41,1943,5,56,1,7,97,7
481502,41,1944,5,56,1,7,97,7
481807,41,1945,5,56,1,7,112,7
499807,41,1996,5,56,1,7,59,7
500222,41,1997,5,56,1,7,74,7
500642,41,1998,5,56,1,7,74,7
501063,41,1999,5,56,1,7,74,7
501487,41,2000,5,56,1,7,74,7
501926,41,2001,5,56,1,7,112,7
502364,41,2002,5,56,1,7,128,7
502810,41,2003,5,56,1,7,150,7
503265,41,2004,5,56,1,7,74,7
503723,41,2005,5,56,1,7,74,7
504204,41,2006,5,56,1,7,148,7
504694,41,2007,5,56,1,7,148,7
505190,41,2008,5,56,1,7,148,7
505687,41,2009,5,56,1,7,19,7
506194,41,2010,5,56,1,7,19,7
506701,41,2011,5,56,1,7,19,7
507224,41,2012,5,56,1,7,111,7
507743,41,2013,5,56,1,7,136,7
510876,41,2019,5,56,1,7,112,7
511384,41,2020,5,56,1,7,150,7
511879,41,2021,5,56,1,7,73,7
512365,41,2022,5,56,1,7,97,7
512840,41,2023,5,56,1,7,97,7
513307,41,2024,5,56,1,7,97,7
513739,41,2025,5,56,1,7,97,7
514156,41,2026,5,56,1,7,97,7
514565,41,2027,5,56,1,7,97,7
514957,41,2028,5,56,1,7,97,7
515348,41,2029,5,56,1,7,97,7
515715,41,2030,5,56,1,7,73,7
516088,41,2031,5,56,1,7,97,7
516441,41,2032,5,56,1,7,97,7
516775,41,2033,5,56,1,7,97,7
517089,41,2034,5,56,1,7,97,7
517382,41,2035,5,56,1,7,97,7
517661,41,2036,5,56,1,7,112,7
524776,41,2080,5,56,1,7,89,7
525044,41,2081,5,56,1,7,89,7
525316,41,2082,5,56,1,7,89,7
525602,41,2083,5,56,1,7,89,7
525898,41,2084,5,56,1,7,89,7
526206,41,2085,5,56,1,7,89,7
526528,41,2086,5,57,1,7,15,7
526853,41,2087,5,57,1,7,15,7
527174,41,2088,5,57,1,7,15,7
527494,41,2089,5,57,1,7,89,7
562029,41,2290,5,57,1,7,44,7
562575,41,2291,5,57,1,7,104,7
563131,41,2292,5,57,1,7,104,7
563699,41,2293,5,57,1,7,104,7
564264,41,2294,5,57,1,7,104,7
564834,41,2295,5,57,1,7,104,7
565403,41,2296,5,57,1,7,104,7
565977,41,2297,5,57,1,7,104,7
566555,41,2298,5,57,1,7,104,7
567122,41,2299,5,57,1,7,104,7
567672,41,2300,5,57,1,7,104,7
568212,41,2301,5,57,1,7,112,7
603679,41,2441,5,57,1,7,112,7
604267,41,2442,5,57,1,7,128,7
604844,41,2443,5,57,1,7,112,7
658433,41,2688,5,57,1,7,89,7
658723,41,2689,5,57,1,7,89,7
659008,41,2690,5,57,1,7,89,7
659292,41,2691,5,57,1,7,89,7
659576,41,2692,5,57,1,7,89,7
659853,41,2693,5,57,1,7,89,7
660137,41,2694,5,57,1,7,89,7
660424,41,2695,5,57,1,7,89,7
660713,41,2696,5,57,1,7,89,7
661007,41,2697,5,57,1,7,89,7
661297,41,2698,5,57,1,7,15,7
661600,41,2699,5,57,1,7,15,7
661900,41,2700,5,57,1,7,15,7
662201,41,2701,5,57,1,7,15,7
662501,41,2702,5,57,1,7,112,7
664984,41,2710,5,57,1,7,38,7
665344,41,2711,5,57,1,7,128,7
665725,41,2712,5,57,1,7,73,7
666126,41,2713,5,57,1,7,73,7
666547,41,2714,5,57,1,7,73,7
666984,41,2715,5,57,1,7,73,7
667443,41,2716,5,57,1,7,73,7
667914,41,2717,5,57,1,7,73,7
668405,41,2718,5,57,1,7,73,7
668896,41,2719,5,57,1,7,73,7
669405,41,2720,5,57,1,7,112,7
669931,41,2721,5,57,1,7,89,7
670458,41,2722,5,57,1,7,89,7
670995,41,2723,5,57,1,7,89,7
671540,41,2724,5,57,1,7,89,7
672098,41,2725,5,57,1,7,38,7
672664,41,2726,5,57,1,7,128,7
673231,41,2727,5,57,1,7,99,7
673822,41,2728,5,57,1,7,104,7
674423,41,2729,5,57,1,7,75,7
675023,41,2730,5,57,1,7,89,7
675616,41,2731,5,58,1,7,89,8
676206,41,2732,5,58,1,7,89,8
676779,41,2733,5,58,1,7,150,8
677331,41,2734,5,58,1,7,112,8
709682,41,2868,5,58,1,7,74,8
710176,41,2869,5,58,1,7,15,8
710701,41,2870,5,58,1,7,15,8
711230,41,2871,5,58,1,7,15,8
711759,41,2872,5,58,1,7,15,8
712289,41,2873,5,58,1,7,15,8
712824,41,2874,5,58,1,7,15,8
713361,41,2875,5,58,1,7,15,8
713889,41,2876,5,58,1,7,15,8
714422,41,2877,5,58,1,7,15,8
714962,41,2878,5,58,1,7,15,8
715509,41,2879,5,58,1,7,15,8
716046,41,2880,5,58,1,7,15,8
716576,41,2881,5,58,1,7,112,8
719942,41,2888,5,58,1,7,62,8
720373,41,2889,5,58,1,7,38,8
720797,41,2890,5,58,1,7,66,8
721190,41,2891,5,58,1,7,66,8
721576,41,2892,5,58,1,7,66,8
721954,41,2893,5,58,1,7,66,8
722320,41,2894,5,58,1,7,66,8
722672,41,2895,5,58,1,7,66,8
723008,41,2896,5,58,1,7,66,8
723334,41,2897,5,58,1,7,66,8
723649,41,2898,5,58,1,7,66,8
723946,41,2899,5,58,1,7,66,8
724231,41,2900,5,58,1,7,66,8
724503,41,2901,5,58,1,7,66,8
724754,41,2902,5,58,1,7,66,8
724988,41,2903,5,58,1,7,66,8
725213,41,2904,5,58,1,7,66,8
731788,41,2949,5,58,1,7,112,8
732071,41,2950,5,58,1,7,112,8
732370,41,2951,5,58,1,7,112,8
732680,41,2952,5,58,1,7,112,8
734608,41,2958,5,58,1,7,44,8
734945,41,2959,5,58,1,7,73,8
735297,41,2960,5,58,1,7,104,8
735655,41,2961,5,58,1,7,78,8
736386,41,2963,5,58,1,7,78,8
736748,41,2964,5,58,1,7,78,8
737117,41,2965,5,58,1,7,63,8
737480,41,2966,5,58,1,7,63,8
737861,41,2967,5,58,1,7,63,8
738250,41,2968,5,58,1,7,63,8
738644,41,2969,5,58,1,7,63,8
739053,41,2970,5,58,1,7,63,8
739469,41,2971,5,58,1,7,63,8
739871,41,2972,5,58,1,7,63,8
740266,41,2973,5,58,1,7,63,8
740663,41,2974,5,58,1,7,112,8
741040,41,2975,5,58,1,7,15,8
741413,41,2976,5,58,1,7,15,8
741791,41,2977,5,58,1,7,108,8
742171,41,2978,5,58,1,7,108,8
742554,41,2979,5,58,1,7,108,8
742934,41,2980,5,58,1,7,108,8
743317,41,2981,5,58,1,7,108,8
743693,41,2982,5,58,1,7,108,8
744074,41,2983,5,58,1,7,108,8
744463,41,2984,5,58,1,7,108,8
744850,41,2985,5,58,1,7,108,8
745213,41,2987,5,58,1,7,108,8
745574,41,2988,5,58,1,7,108,8
745933,41,2989,5,58,1,7,108,8
746277,41,2990,5,58,1,7,108,8
746616,41,2991,5,58,1,7,108,8
746957,41,2992,5,58,1,7,108,8
747293,41,2993,5,58,1,7,108,8
747623,41,2994,5,58,1,7,108,8
747953,41,2995,5,58,1,7,108,8
748295,41,2996,5,58,1,7,108,8
748635,41,2997,5,58,1,7,108,8
748985,41,2998,5,58,1,7,108,8
749347,41,2999,5,58,1,7,108,8
749728,41,3000,5,58,1,7,108,8
750108,41,3001,5,58,1,7,108,8
750498,41,3002,5,58,1,7,108,8
750891,41,3003,5,58,1,7,108,8
751303,41,3004,5,58,1,7,108,8
751720,41,3005,5,58,1,7,108,8
752147,41,3006,5,58,1,7,108,8
752598,41,3007,5,58,1,7,108,8
753072,41,3008,5,58,1,7,108,8
753555,41,3009,5,58,1,7,108,8
754049,41,3010,5,58,1,7,112,8
755073,41,3012,5,58,1,7,74,8
755590,41,3013,5,58,1,7,15,8
756127,41,3014,5,58,1,7,15,8
756662,41,3015,5,58,1,7,15,8
757208,41,3016,5,58,1,7,15,8
757758,41,3017,5,58,1,7,15,8
759437,41,3020,5,58,1,7,15,8
759997,41,3021,5,58,1,7,15,8
760554,41,3022,5,58,1,7,15,8
761097,41,3023,5,58,1,7,119,8
761627,41,3024,5,58,1,7,38,8
762162,41,3025,5,58,1,7,73,8
762700,41,3026,5,58,1,7,104,8
763223,41,3027,5,58,1,7,104,8
763749,41,3028,5,58,1,7,78,8
764272,41,3030,5,58,1,7,78,8
764766,41,3031,5,58,1,7,78,8
765235,41,3032,5,59,1,7,78,8
765691,41,3033,5,59,1,7,78,8
766141,41,3034,5,59,1,7,112,8
777709,41,3105,5,59,1,7,150,8
778139,41,3106,5,59,1,7,74,8
778565,41,3107,5,59,1,7,66,8
779009,41,3108,5,59,1,7,66,8
779451,41,3109,5,59,1,7,66,8
779908,41,3110,5,59,1,7,66,8
780367,41,3111,5,59,1,7,66,8
780828,41,3112,5,59,1,7,66,8
781294,41,3113,5,59,1,7,66,8
781773,41,3115,5,59,1,7,66,8
782252,41,3116,5,59,1,7,66,8
782741,41,3117,5,59,1,7,66,8
783232,41,3118,5,59,1,7,66,8
783719,41,3119,5,59,1,7,66,8
784200,41,3120,5,59,1,7,66,8
784674,41,3121,5,59,1,7,66,8
785154,41,3122,5,59,1,7,66,8
785632,41,3123,5,59,1,7,66,8
786110,41,3124,5,59,1,7,112,8
786588,41,3125,5,59,1,7,74,8
787067,41,3126,5,59,1,7,89,8
791927,41,3137,5,59,1,7,112,8
792344,41,3138,5,59,1,7,99,8
792774,41,3139,5,59,1,7,78,8
793207,41,3140,5,59,1,7,78,8
793640,41,3141,5,59,1,7,78,8
794090,41,3142,5,59,1,7,78,8
794535,41,3143,5,59,1,7,112,8
794996,41,3144,5,59,1,7,15,8
795456,41,3145,5,59,1,7,15,8
795918,41,3146,5,59,1,7,15,8
796395,41,3147,5,59,1,7,38,8
796874,41,3148,5,59,1,7,63,8
797346,41,3149,5,59,1,7,63,8
797831,41,3150,5,59,1,7,63,8
798318,41,3151,5,59,1,7,63,8
798816,41,3152,5,59,1,7,63,8
799317,41,3153,5,59,1,7,63,8
799835,41,3154,5,59,1,7,63,8
800369,41,3155,5,59,1,7,63,8
800902,41,3156,5,59,1,7,63,8
801435,41,3157,5,59,1,7,63,8
801976,41,3158,5,59,1,7,63,8
802514,41,3160,5,59,1,7,63,8
803040,41,3161,5,59,1,7,63,8
803567,41,3162,5,59,1,7,63,8
804092,41,3163,5,59,1,7,63,8
804613,41,3164,5,59,1,7,63,8
805129,41,3165,5,59,1,7,148,8
805634,41,3166,5,59,1,7,63,8
806137,41,3167,5,59,1,7,63,8
806636,41,3168,5,59,1,7,63,8
807123,41,3169,5,59,1,7,63,8
807592,41,3170,5,59,1,7,63,8
808046,41,3171,5,59,1,7,63,8
808469,41,3172,5,59,1,7,63,8
808871,41,3173,5,59,1,7,108,8
809262,41,3174,5,59,1,7,108,8
809644,41,3175,5,59,1,7,108,8
810021,41,3176,5,59,1,7,108,8
810394,41,3177,5,59,1,7,108,8
810753,41,3178,5,59,1,7,108,8
811100,41,3179,5,59,1,7,108,8
811429,41,3180,5,59,1,7,108,8
811748,41,3181,5,59,1,7,108,8
812629,41,3184,5,59,1,7,112,8
812879,41,3185,5,59,1,7,73,8
813119,41,3186,5,59,1,7,78,8
813332,41,3187,5,59,1,7,78,8
813545,41,3188,5,59,1,7,78,8
820941,41,3245,5,59,1,7,78,8
821176,41,3246,5,59,1,7,78,8
821418,41,3247,5,59,1,7,78,8
851241,41,3332,5,59,1,7,15,8
851453,41,3333,5,59,1,7,15,8
851655,41,3335,5,59,1,7,15,8
851842,41,3336,5,59,1,7,112,8
888089,41,3477,5,59,1,7,74,8
888411,41,3479,5,59,1,7,15,8
888561,41,3480,5,59,1,7,15,8
888694,41,3481,5,59,1,7,15,8
957514,41,3770,5,59,1,7,38,8
957654,41,3771,5,59,1,7,137,8
957776,41,3772,5,59,1,7,70,8
957891,41,3773,5,59,1,7,70,8
958005,41,3774,5,59,1,7,70,8
960408,41,3803,5,59,1,7,70,8
960542,41,3804,5,59,1,7,70,8
960690,41,3805,5,59,1,7,137,8
960839,41,3806,5,59,1,7,137,8
960997,41,3807,5,59,1,7,137,8
987266,41,3899,5,59,1,7,137,8
994135,41,3940,5,59,1,7,137,8
994245,41,3941,5,59,1,7,137,8
994365,41,3942,5,59,1,7,137,8
994494,41,3943,5,59,1,7,137,8
994631,41,3944,5,59,1,7,137,8
994774,41,3945,5,59,1,7,137,8
994927,41,3946,5,59,1,7,137,8
995078,41,3947,5,59,1,7,137,8
995236,41,3948,5,59,1,7,137,8
995408,41,3949,5,60,1,7,137,9
1033167,41,4099,5,60,1,7,137,9
1033395,41,4100,5,60,1,7,112,9
1033634,41,4101,5,60,1,7,112,9
1033875,41,4102,5,60,1,7,112,9
1051679,41,4157,5,60,1,7,112,9
1052053,41,4158,5,60,1,7,112,9
1052441,41,4159,5,60,1,7,38,9
1052838,41,4160,5,60,1,7,112,9
1053243,41,4161,5,60,1,7,38,9
1053650,41,4162,5,60,1,7,25,9
1054045,41,4163,5,60,1,7,25,9
1054456,41,4164,5,60,1,7,25,9
1054863,41,4165,5,60,1,7,25,9
1055275,41,4166,5,60,1,7,25,9
1055686,41,4167,5,60,1,7,25,9
1056105,41,4168,5,60,1,7,25,9
1056536,41,4169,5,60,1,7,25,9
1056974,41,4170,5,60,1,7,25,9
1057411,41,4171,5,60,1,7,25,9
1057848,41,4172,5,60,1,7,25,9
1058280,41,4173,5,60,1,7,25,9
1058713,41,4174,0,60,1,7,112,9
1069545,41,4222,5,60,1,7,112,9
1069629,41,4223,5,60,1,7,38,9
1069708,41,4224,5,60,1,7,38,9
1069789,41,4225,5,60,1,7,38,9
1069875,41,4226,5,60,1,7,38,9
1069960,41,4227,5,60,1,7,38,9
1070050,41,4228,5,60,1,7,38,9
1070139,41,4229,5,60,1,7,38,9
1070234,41,4230,5,60,1,7,112,9
1070337,41,4231,5,60,1,7,112,9
1070446,41,4232,5,60,1,7,112,9
1071160,41,4237,5,60,1,7,112,9
1071334,41,4238,5,60,1,7,150,9
1071498,41,4239,5,60,1,7,150,9
1071674,41,4240,5,60,1,7,150,9
1071870,41,4241,5,60,1,7,150,9
1072079,41,4242,5,60,1,7,150,9
1072291,41,4243,5,60,1,7,150,9
1072512,41,4244,5,60,1,7,150,9
1072736,41,4245,5,60,1,7,150,9
1072972,41,4246,5,60,1,7,150,9
1073203,41,4247,5,60,1,7,150,9
1073430,41,4248,5,60,1,7,150,9
1073658,41,4249,5,60,1,7,150,9
1073881,41,4250,5,60,1,7,150,9
1074113,41,4251,5,60,1,7,150,9
1074343,41,4252,5,60,1,7,150,9
1074578,41,4253,5,60,1,7,150,9
1074822,41,4254,5,60,1,7,61,9
1075085,41,4255,5,60,1,7,44,9
1075350,41,4256,5,60,1,7,44,9
1075622,41,4257,5,60,1,7,148,9
1076760,41,4261,0,60,1,7,148,9
1077048,41,4262,5,60,1,7,148,9
1077345,41,4263,5,60,1,7,148,9
1077645,41,4264,5,60,1,7,148,9
1077952,41,4265,5,60,1,7,148,9
1078266,41,4266,5,60,1,7,148,9
1078584,41,4267,5,60,1,7,148,9
1078906,41,4268,5,60,1,7,148,9
1079228,41,4269,5,60,1,7,148,9
1079550,41,4270,5,60,1,7,148,9
1080205,41,4272,5,60,1,7,148,9
1080536,41,4273,5,60,1,7,148,9
1080873,41,4274,5,60,1,7,148,9
1081213,41,4275,5,60,1,7,148,9
1081554,41,4276,5,60,1,7,148,9
1081898,41,4277,5,60,1,7,148,9
1082946,41,4280,5,60,1,7,148,9
1083278,41,4281,5,60,1,7,148,9
1083616,41,4282,5,60,1,7,148,9
1083943,41,4283,5,60,1,7,148,9
1084265,41,4284,5,60,1,7,148,9
1086885,41,4293,5,60,1,7,148,9
1105203,41,4345,5,60,1,7,148,9
1105390,41,4346,5,60,1,7,150,9
1105559,41,4347,5,60,1,7,150,9
1105720,41,4348,5,60,1,7,150,9
1105868,41,4349,5,60,1,7,150,9
1106013,41,4350,5,60,1,7,150,9
1106156,41,4351,5,60,1,7,150,9
1106745,41,4356,5,60,1,7,61,9
1106845,41,4357,5,60,1,7,112,9
1106944,41,4358,5,60,1,7,150,9
1116659,41,4409,5,60,1,7,150,9
1116992,41,4410,5,60,1,7,150,9
1124001,41,4432,5,60,1,7,112,9
1124290,41,4433,5,60,1,7,112,9
1124584,41,4434,5,60,1,7,150,9
1124864,41,4435,5,60,1,7,112,9
1125172,41,4436,5,60,1,7,21,9
1125475,41,4437,5,60,1,7,140,9
1125777,41,4438,5,60,1,7,51,9
1126093,41,4439,5,60,1,7,51,9
1126417,41,4440,5,60,1,7,51,9
1126749,41,4441,5,60,1,7,51,9
1127100,41,4442,5,60,1,7,51,9
1127447,41,4443,5,60,1,7,51,9
1127794,41,4444,5,60,1,7,51,9
1128138,41,4445,5,60,1,7,51,9
1128498,41,4446,5,60,1,7,51,9
1128874,41,4447,5,60,1,7,51,9
1129247,41,4448,5,60,1,7,51,9
1129635,41,4449,5,60,1,7,51,9
1130028,41,4450,5,60,1,7,51,9
1130438,41,4451,5,60,1,7,51,9
1130855,41,4452,5,60,1,7,51,9
1131281,41,4453,5,60,1,7,51,9
1131713,41,4454,5,60,1,7,51,9
1132147,41,4455,5,60,1,7,112,9
1132600,41,4456,5,60,1,7,112,9
1146940,41,4509,5,60,1,7,112,9
1147029,41,4510,5,60,1,7,150,9
1147123,41,4511,5,60,1,7,150,9
1147217,41,4512,5,60,1,7,150,9
1147307,41,4513,5,60,1,7,150,9
1147401,41,4514,5,60,1,7,128,9
1147497,41,4515,5,60,1,7,70,9
1147599,41,4516,5,60,1,7,76,9
1147704,41,4517,5,60,1,7,76,9
1147821,41,4518,5,60,1,7,76,9
1147945,41,4519,5,60,1,7,76,9
1148084,41,4520,5,60,1,7,76,9
1148224,41,4521,5,60,1,7,76,9
1148376,41,4522,5,60,1,7,76,9
1148538,41,4523,5,60,1,7,76,9
1148709,41,4524,5,60,1,7,76,9
1148886,41,4525,5,60,1,7,76,9
1149080,41,4526,5,60,1,7,76,9
1149275,41,4527,5,60,1,7,76,9
1165714,41,4578,5,60,1,7,112,9
1166025,41,4579,5,60,1,7,150,9
1166323,41,4580,5,60,1,7,146,9
1166656,41,4581,5,60,1,7,157,9
1166971,41,4582,5,60,1,7,157,9
1167295,41,4583,5,60,1,7,157,9
1167610,41,4584,5,60,1,7,112,9
1167942,41,4585,5,60,1,7,157,9
1168272,41,4586,5,60,1,7,157,9
1168599,41,4587,5,60,1,7,112,9
1168953,41,4588,5,60,1,7,157,9
1169313,41,4589,5,60,1,7,157,9
1169678,41,4590,5,60,1,7,63,9
1170060,41,4591,5,60,1,7,63,9
1170444,41,4592,5,60,1,7,63,9
1170854,41,4593,5,60,1,7,63,9
1171257,41,4594,5,60,1,7,63,9
1171668,41,4595,5,60,1,7,63,9
1172091,41,4596,5,60,1,7,63,9
1172524,41,4597,5,60,1,7,63,9
1172966,41,4598,5,60,1,7,63,9
1173427,41,4599,5,60,1,7,63,9
1173893,41,4600,5,60,1,7,63,9
1174359,41,4601,5,60,1,7,63,9
1174830,41,4602,5,60,1,7,63,9
1175295,41,4603,5,60,1,7,63,9
1175772,41,4604,5,60,1,7,63,9
1176251,41,4605,5,60,1,7,63,9
1176729,41,4606,5,60,1,7,63,9
1177215,41,4607,5,60,1,7,63,9
1177699,41,4608,5,60,1,7,63,9
1178174,41,4609,5,60,1,7,63,9
1178659,41,4610,5,60,1,7,150,9
1179134,41,4611,5,60,1,7,150,9
1179588,41,4612,5,60,1,7,146,9
1180043,41,4613,5,60,1,7,146,9
1180497,41,4614,5,60,1,7,146,9
1180951,41,4615,5,60,1,7,112,9
1181378,41,4616,5,60,1,7,73,9
1181797,41,4617,5,60,1,7,107,9
1203189,41,4731,5,60,1,7,44,9
1203611,41,4732,5,60,1,7,73,9
1204055,41,4733,5,60,1,7,148,9
1204504,41,4734,5,60,1,7,63,9
1204956,41,4735,5,60,1,7,63,9
1205411,41,4736,5,60,1,7,63,9
1205885,41,4737,5,60,1,7,63,9
1206367,41,4738,5,60,1,7,63,9
1206849,41,4739,5,60,1,7,63,9
1207343,41,4740,5,60,1,7,63,9
1207855,41,4741,5,60,1,7,63,9
1208387,41,4742,5,60,1,7,63,9
1208909,41,4743,5,60,1,7,63,9
1209424,41,4744,5,60,1,7,63,9
1209944,41,4745,5,60,1,7,63,9
1210473,41,4746,5,60,1,7,63,9
1210992,41,4747,5,60,1,7,63,9
1211503,41,4748,5,60,1,7,63,9
1212007,41,4749,5,60,1,7,63,9
1212512,41,4750,5,60,1,7,63,9
1212998,41,4751,5,60,1,7,63,9
1213473,41,4752,5,60,1,7,63,9
1213943,41,4753,5,60,1,7,63,9
1214391,41,4754,5,60,1,7,63,9
1214835,41,4756,5,60,1,7,63,9
1215285,41,4757,5,60,1,7,63,9
1215714,41,4758,5,60,1,7,63,9
1216129,41,4759,5,60,1,7,63,9
1216534,41,4760,5,60,1,7,63,9
1216922,41,4761,5,60,1,7,63,9
1217310,41,4762,5,60,1,7,63,9
1217687,41,4763,5,60,1,7,63,9
1218046,41,4764,5,60,1,7,63,9
1218397,41,4765,5,60,1,7,63,9
1218720,41,4766,5,60,1,7,112,9
1219036,41,4767,5,60,1,7,38,9
1219323,41,4768,5,60,1,7,73,9
1232172,41,4837,5,60,1,7,73,9
1232485,41,4838,5,60,1,7,73,9
1232806,41,4839,5,60,1,7,73,9
1233142,41,4840,5,60,1,7,112,9
1233474,41,4841,5,60,1,7,15,9
1233841,41,4842,5,60,1,7,157,9
1234191,41,4843,5,60,1,7,157,9
1234532,41,4844,5,60,1,7,112,9
1234904,41,4845,5,60,1,7,157,9
1235264,41,4847,5,60,1,7,157,9
1235611,41,4848,5,60,1,7,112,9
1235964,41,4849,5,60,1,7,157,9
1236316,41,4850,5,60,1,7,157,9
1236670,41,4851,5,60,1,7,157,9
1237049,41,4852,5,60,1,7,157,9
1237424,41,4853,5,60,1,7,157,9
1237801,41,4854,5,60,1,7,157,9
1238162,41,4855,5,60,1,7,112,9
1238540,41,4856,5,60,1,7,157,9
1238911,41,4857,5,60,1,7,157,9
1239288,41,4858,5,60,1,7,157,9
1239648,41,4859,5,60,1,7,112,9
1240007,41,4860,5,60,1,7,137,9
1240353,41,4861,5,60,1,7,151,9
1240689,41,4862,5,60,1,7,151,9
1241015,41,4863,5,60,1,7,151,9
1241336,41,4864,5,60,1,7,151,9
1253284,41,4893,5,60,1,7,151,9
1253806,41,4894,5,60,1,7,151,9
1254322,41,4895,5,60,1,7,151,9
1254836,41,4896,5,60,1,7,151,9
1255327,41,4897,5,60,1,7,151,9
1262503,41,4930,5,60,1,7,112,9
1262592,41,4931,5,60,1,7,73,9
1262688,41,4932,5,60,1,7,73,9
1262787,41,4933,5,60,1,7,73,9
1262880,41,4934,5,60,1,7,73,9
1274313,41,4986,5,60,1,7,44,9
1274729,41,4987,5,60,1,7,99,9
1275145,41,4988,5,60,1,7,73,9
1275572,41,4989,5,60,1,7,73,9
1276019,41,4990,5,60,1,7,44,9
1276464,41,4991,5,60,1,7,61,9
1276902,41,4992,5,60,1,7,61,9
1277345,41,4993,5,60,1,7,61,9
1277781,41,4994,5,60,1,7,61,9
1278223,41,4995,5,60,1,7,61,9
1278674,41,4996,5,60,1,7,61,9
1279123,41,4997,5,60,1,7,157,9
1279555,41,4998,5,60,1,7,157,9
1279988,41,4999,5,60,1,7,157,9
1280404,41,5000,5,60,1,7,112,9
1280850,41,5001,5,60,1,7,157,9
1281273,41,5002,5,60,1,7,157,9
1281685,41,5003,5,60,1,7,112,9
1282125,41,5004,5,60,1,7,157,9
1282542,41,5005,5,60,1,7,157,9
1282953,41,5006,5,60,1,7,157,9
1283357,41,5007,5,60,1,7,157,9
1283739,41,5008,5,60,1,7,157,9
1284108,41,5009,5,60,1,7,112,9
1284502,41,5010,5,60,1,7,157,9
1284884,41,5011,5,60,1,7,157,9
1285271,41,5012,5,60,1,7,157,9
1301182,41,5046,5,60,1,7,112,9
1309378,41,5081,5,60,1,7,112,9
1309468,41,5082,5,60,1,7,61,9
1309558,41,5083,5,60,1,7,61,9
1309647,41,5084,5,60,1,7,112,9
1309738,41,5085,5,60,1,7,112,9
1309834,41,5086,5,60,1,7,148,9
1309934,41,5087,5,60,1,7,59,9
1310031,41,5088,5,60,1,7,107,9
1310131,41,5089,5,60,1,7,50,9
1310242,41,5090,5,60,1,7,50,9
1310352,41,5091,5,60,1,7,50,9
1310467,41,5092,5,60,1,7,107,9
1310587,41,5093,5,60,1,7,50,9
1310719,41,5094,5,60,1,7,50,9
1310856,41,5095,5,60,1,7,50,9
1311005,41,5096,5,60,1,7,50,9
1316285,41,5118,5,60,1,7,112,9
1316618,41,5119,5,60,1,7,148,9
1316956,41,5120,5,60,1,7,98,9
1317301,41,5121,5,60,1,7,18,9
1317660,41,5122,5,60,1,7,18,9
1318022,41,5123,5,60,1,7,112,9
1318395,41,5124,5,60,1,7,146,9
1318777,41,5125,5,60,1,7,38,9
1319164,41,5126,5,60,1,7,38,9
1319556,41,5127,5,60,1,7,38,9
1319962,41,5128,5,60,1,7,38,9
1320359,41,5129,5,60,1,7,38,9
1320778,41,5130,5,60,1,7,38,9
1338578,41,5171,5,60,1,7,38,9
1339106,41,5172,5,60,1,7,38,9
1339633,41,5173,5,60,1,7,38,9
1340159,41,5174,5,60,1,7,38,9
1340707,41,5175,5,60,1,7,38,9
1341246,41,5176,5,60,1,7,112,9
1341794,41,5177,5,60,1,7,112,9
1342331,41,5178,5,60,1,7,112,9
1342876,41,5179,5,60,1,7,44,9
1343398,41,5180,5,60,1,7,44,9
1343903,41,5181,5,60,1,7,38,9
1344401,41,5182,5,60,1,7,112,9
1344879,41,5183,5,60,1,7,62,9
1345351,41,5184,5,60,1,7,135,9
1345804,41,5185,5,60,1,7,135,9
1371403,41,5310,5,60,1,7,135,9
1371871,41,5311,5,60,1,7,135,9
1372343,41,5313,5,60,1,7,135,9
1372858,41,5314,5,60,1,7,135,9
1373388,41,5315,5,60,1,7,135,9
1373916,41,5316,5,60,1,7,135,9
1374464,41,5317,5,60,1,7,135,9
1375015,41,5318,5,60,1,7,112,9
1375566,41,5319,5,60,1,7,112,9
1376125,41,5320,5,60,1,7,112,9
1376675,41,5321,5,60,1,7,112,9
1377231,41,5322,5,60,1,7,112,9
1377780,41,5323,5,60,1,7,146,9
1378339,41,5324,5,60,1,7,157,9
1378867,41,5325,5,60,1,7,157,9
1379395,41,5326,5,60,1,7,157,9
1379876,41,5327,5,60,1,7,38,9
1380370,41,5328,5,60,1,7,38,9
1445463,41,5604,5,60,1,7,112,9
1446006,41,5605,5,60,1,7,15,9
1446557,41,5606,5,60,1,7,15,9
1447112,41,5607,5,60,1,7,15,9
1447694,41,5608,5,60,1,7,15,9
1448294,41,5609,5,60,1,7,15,9
1448897,41,5610,5,60,1,7,119,9
1449489,41,5611,5,60,1,7,119,9
1450062,41,5612,5,60,1,7,119,9
1450625,41,5613,5,60,1,7,119,9
1451183,41,5614,5,60,1,7,119,9
1471083,41,5756,5,60,1,7,119,9
1471639,41,5757,5,60,1,7,119,9
1472183,41,5758,5,60,1,7,112,9
1472715,41,5759,5,60,1,7,148,9
1473218,41,5760,5,60,1,7,112,9
1473734,41,5761,5,60,1,7,157,9
1474230,41,5762,5,60,1,7,157,9
1474717,41,5763,5,60,1,7,157,9
1475166,41,5764,5,60,1,7,112,9
1475619,41,5766,5,60,1,7,157,9
1497999,41,5880,5,60,1,7,74,9
1498377,41,5881,5,60,1,7,119,9
1498782,41,5882,5,60,1,7,119,9
1499208,41,5883,5,60,1,7,157,9
1499645,41,5884,5,60,1,7,157,9
1500082,41,5885,5,60,1,7,157,9
1500514,41,5886,5,60,1,7,112,9
1500986,41,5887,5,60,1,7,112,9
1501472,41,5888,5,60,1,7,112,9
1501972,41,5889,5,60,1,7,112,9
1507318,41,5900,5,60,1,7,112,9
1507883,41,5901,5,60,1,7,44,9
1508427,41,5902,5,60,1,7,157,9
1508970,41,5903,5,60,1,7,157,9
1509511,41,5904,5,60,1,7,157,9
1510037,41,5905,5,60,1,7,112,9
1510603,41,5906,5,60,1,7,157,9
1511148,41,5907,5,60,1,7,157,9
1511672,41,5908,5,60,1,7,112,9
1512218,41,5909,5,60,1,7,148,9
1512727,41,5910,5,60,1,7,63,9
1513242,41,5911,5,60,1,7,63,9
1513738,41,5912,5,60,1,7,63,9
1514207,41,5913,5,60,1,7,63,9
1514674,41,5914,5,60,1,7,63,9
1515133,41,5915,5,60,1,7,63,9
1515573,41,5916,5,60,1,7,63,9
1516005,41,5917,5,60,1,7,74,9
1516409,41,5918,5,60,1,7,119,9
1528744,41,5985,5,60,1,7,119,9
1529093,41,5986,5,60,1,7,119,9
1529451,41,5987,5,60,1,7,112,9
1529814,41,5988,5,60,1,7,112,9
1530180,41,5989,5,60,1,7,98,9
1530567,41,5990,5,60,1,7,140,9
1530954,41,5991,5,60,1,7,51,9
1531344,41,5992,5,60,1,7,51,9
1531730,41,5993,5,60,1,7,51,9
1532120,41,5994,5,60,1,7,51,9
1532508,41,5995,5,60,1,7,51,9
1532900,41,5996,5,60,1,7,51,9
1533299,41,5997,5,60,1,7,51,9
1533700,41,5998,5,60,1,7,51,9
1534110,41,5999,5,60,1,7,51,9
1534506,41,6001,5,60,1,7,15,9
1534934,41,6002,5,60,1,7,15,9
1535348,41,6003,5,60,1,7,112,9
1535758,41,6004,5,60,1,7,99,9
1536183,41,6005,5,60,1,7,112,9
1591470,41,6169,5,60,1,7,112,9
1591904,41,6170,5,60,1,7,119,9
1592335,41,6171,5,60,1,7,119,9
1592794,41,6172,5,60,1,7,119,9
1593262,41,6173,5,60,1,7,148,9
1593734,41,6174,5,60,1,7,21,9
1594240,41,6175,5,60,1,7,51,9
1594739,41,6176,5,60,1,7,51,9
1595242,41,6177,5,60,1,7,51,9
1595747,41,6178,5,60,1,7,51,9
1596252,41,6179,5,60,1,7,51,9
1596767,41,6180,5,60,1,7,51,9
1597278,41,6181,5,60,1,7,51,9
1597796,41,6182,5,60,1,7,51,9
1598315,41,6183,5,60,1,7,51,9
1598841,41,6184,5,60,1,7,51,9
1599361,41,6185,5,60,1,7,51,9
1599877,41,6186,5,60,1,7,51,9
1600358,41,6188,5,60,1,7,112,9
1669063,41,6465,5,60,1,7,112,9
1669562,41,6466,5,60,1,7,119,9
1670053,41,6467,5,60,1,7,119,9
1712063,41,6621,5,60,1,7,119,9
1712622,41,6622,5,60,1,7,119,9
1713160,41,6623,5,60,1,7,119,9
1738103,41,6758,5,60,1,7,119,9
1738667,41,6759,5,60,1,7,112,9
1739269,41,6760,5,60,1,7,25,9
1739843,41,6761,5,60,1,7,25,9
1740426,41,6762,5,60,1,7,25,9
1741014,41,6763,5,60,1,7,25,9
1741601,41,6764,5,60,1,7,25,9
1742177,41,6765,5,60,1,7,25,9
1742749,41,6766,5,60,1,7,25,9
1743300,41,6767,5,60,1,7,25,9
1743840,41,6768,5,60,1,7,25,9
1744369,41,6769,5,60,1,7,25,9
1744872,41,6770,5,60,1,7,25,9
1745361,41,6771,5,60,1,7,25,9
1745838,41,6772,5,60,1,7,25,9
1746296,41,6773,5,60,1,7,25,9
1746729,41,6774,5,60,1,7,25,9
1747140,41,6775,5,60,1,7,25,9
1778580,41,6908,5,60,1,7,112,9
1779188,41,6909,5,60,1,7,157,9
1779760,41,6910,5,60,1,7,157,9
1780328,41,6911,5,60,1,7,157,9
1780892,41,6912,5,60,1,7,157,9
1781450,41,6913,5,60,1,7,157,9
1782005,41,6914,5,60,1,7,157,9
1782545,41,6915,5,60,1,7,157,9
1783073,41,6916,5,60,1,7,157,9
1783599,41,6917,5,60,1,7,150,9
1784084,41,6918,5,60,1,7,50,9
1784582,41,6919,5,60,1,7,50,9
1785072,41,6920,5,60,1,7,50,9
1785544,41,6921,5,60,1,7,50,9
1786001,41,6922,5,60,1,7,50,9
1786432,41,6923,5,60,1,7,50,9
1786841,41,6924,5,60,1,7,50,9
1787231,41,6925,5,60,1,7,50,9
1787602,41,6926,5,60,1,7,50,9
1787949,41,6927,5,60,1,7,50,9
1788279,41,6928,5,60,1,7,50,9
1788584,41,6929,5,60,1,7,50,9
1788870,41,6930,5,60,1,7,50,9
1789147,41,6931,5,60,1,7,50,9
1789407,41,6932,5,60,1,7,112,9
1794688,41,6974,5,60,1,7,112,9
1794900,41,6975,5,60,1,7,112,9
1795116,41,6976,5,60,1,7,157,9
1795331,41,6977,5,60,1,7,157,9
1795554,41,6978,5,60,1,7,157,9
1795794,41,6979,5,60,1,7,157,9
1796038,41,6980,5,60,1,7,157,9
1796283,41,6981,5,60,1,7,157,9
1805587,41,7008,5,60,1,7,112,9
1808152,41,7014,5,60,1,7,38,9
1808593,41,7015,5,60,1,7,59,9
1809020,41,7016,5,60,1,7,107,9
1809432,41,7017,5,60,1,7,50,9
1809862,41,7018,5,60,1,7,50,9
1810300,41,7019,5,60,1,7,50,9
1810739,41,7020,5,60,1,7,50,9
1811169,41,7021,5,60,1,7,50,9
1811595,41,7022,5,60,1,7,50,9
1812016,41,7023,5,60,1,7,50,9
1812434,41,7024,5,60,1,7,50,9
1812841,41,7025,5,60,1,7,148,9
1813222,41,7026,5,60,1,7,21,9
1813635,41,7027,5,60,1,7,140,9
1814047,41,7028,5,60,1,7,113,9
1814477,41,7029,5,60,1,7,113,9
1814919,41,7030,5,60,1,7,113,9
1815369,41,7031,5,60,1,7,113,9
1815808,41,7032,5,60,1,7,112,9
1816276,41,7033,5,60,1,7,107,9
1816721,41,7034,5,60,1,7,38,9
1817199,41,7035,5,60,1,7,21,9
1817687,41,7036,5,60,1,7,5,9
1818176,41,7037,5,60,1,7,5,9
1818661,41,7038,5,60,1,7,5,9
1819159,41,7039,5,60,1,7,5,9
1819662,41,7040,5,60,1,7,5,9
1820179,41,7041,5,60,1,7,5,9
1820705,41,7042,5,60,1,7,5,9
1821230,41,7043,5,60,1,7,5,9
1821773,41,7044,5,60,1,7,5,9
1822326,41,7045,5,60,1,7,5,9
1822883,41,7046,5,60,1,7,5,9
1823443,41,7047,5,60,1,7,5,9
1824019,41,7048,5,60,1,7,5,9
1824591,41,7049,5,60,1,7,5,9
1826336,41,7052,5,60,1,7,112,9
1826912,41,7053,5,60,1,7,50,9
1827488,41,7054,5,60,1,7,50,9
1828061,41,7055,5,60,1,7,50,9
1828652,41,7056,5,60,1,7,107,9
1829200,41,7057,5,60,1,7,112,9
1829757,41,7058,5,60,1,7,89,9
1830285,41,7059,5,60,1,7,89,9
1848333,41,7134,5,60,1,7,112,9
1848702,41,7135,5,60,1,7,38,9
1849093,41,7136,5,60,1,7,157,9
1849487,41,7137,5,60,1,7,157,9
1849876,41,7138,5,60,1,7,112,9
1850300,41,7139,5,60,1,7,148,9
1850747,41,7140,5,60,1,7,140,9
1851197,41,7141,5,60,1,7,51,9
1851643,41,7142,5,60,1,7,51,9
1852100,41,7143,5,60,1,7,51,9
1852565,41,7144,5,60,1,7,51,9
1853034,41,7145,5,60,1,7,51,9
1853528,41,7146,5,60,1,7,51,9
1854039,41,7147,5,60,1,7,51,9
1854547,41,7148,5,60,1,7,51,9
1855054,41,7149,5,60,1,7,51,9
1855562,41,7150,5,60,1,7,51,9
1856069,41,7151,5,60,1,7,51,9
1856567,41,7152,5,60,1,7,51,9
1857067,41,7153,5,60,1,7,51,9
1857559,41,7154,5,60,1,7,51,9
1874308,41,7190,5,60,1,7,112,9
1874870,41,7191,5,60,1,7,112,9
1875438,41,7192,5,60,1,7,137,9
1876001,41,7193,5,60,1,7,70,9
1876553,41,7194,5,60,1,7,70,9
1877105,41,7195,5,60,1,7,70,9
1877652,41,7196,5,60,1,7,70,9
1878182,41,7197,5,60,1,7,70,9
1878709,41,7198,5,60,1,7,70,9
1879235,41,7199,5,60,1,7,70,9
1879763,41,7200,5,60,1,7,157,9
1880267,41,7201,5,60,1,7,157,9
1907581,41,7330,5,60,1,7,157,9
1908101,41,7331,5,60,1,7,112,9
1908636,41,7332,5,60,1,7,112,9
1909199,41,7333,5,60,1,7,157,9
1909762,41,7334,5,60,1,7,157,9
1910338,41,7335,5,60,1,7,157,9
1910898,41,7336,5,60,1,7,112,9
1911493,41,7337,5,60,1,7,157,9
1912071,41,7338,5,60,1,7,157,9
1912651,41,7339,5,60,1,7,157,9
1913210,41,7340,5,60,1,7,157,9
1913760,41,7341,5,60,1,7,157,9
1914300,41,7342,5,60,1,7,157,9
2007454,41,7759,5,60,1,7,112,9
2007974,41,7760,5,60,1,7,157,9
2008480,41,7761,5,60,1,7,157,9
2008990,41,7762,5,60,1,7,157,9
2009522,41,7763,5,60,1,7,157,9
2010031,41,7764,5,60,1,7,112,9
2010581,41,7765,5,60,1,7,112,9
2011159,41,7766,5,60,1,7,157,9
2011729,41,7767,5,60,1,7,157,9
2012292,41,7768,5,60,1,7,112,9
2012887,41,7769,5,60,1,7,157,9
2013463,41,7770,5,60,1,7,157,9
2014022,41,7771,5,60,1,7,112,9
2014620,41,7772,5,60,1,7,157,9
2015187,41,7773,5,60,1,7,157,9
2015743,41,7774,5,60,1,7,157,9
2041633,41,7898,5,60,1,7,38,9
2042022,41,7899,5,60,1,7,21,9
2042443,41,7900,5,60,1,7,140,9
2042852,41,7901,5,60,1,7,5,9
2043283,41,7902,5,60,1,7,5,9
2043737,41,7903,5,60,1,7,5,9
2044216,41,7904,5,60,1,7,5,9
2044706,41,7905,5,60,1,7,5,9
2045206,41,7906,5,60,1,7,5,9
2045721,41,7907,5,60,1,7,5,9
2046245,41,7908,5,60,1,7,5,9
2046775,41,7909,5,60,1,7,21,9
2047318,41,7910,5,60,1,7,5,9
2047857,41,7911,5,60,1,7,5,9
2048408,41,7912,5,60,1,7,5,9
2048974,41,7913,5,60,1,7,5,9
2049544,41,7914,5,60,1,7,5,9
2050116,41,7915,5,60,1,7,5,9
2050684,41,7916,5,60,1,7,5,9
2051249,41,7917,5,60,1,7,5,9
2051808,41,7918,5,60,1,7,5,9
2052356,41,7919,5,60,1,7,5,9
2052906,41,7920,5,60,1,7,5,9
2053444,41,7921,5,60,1,7,5,9
2053965,41,7922,5,60,1,7,5,9
2054481,41,7923,5,60,1,7,5,9
2054973,41,7924,5,60,1,7,5,9
2072660,41,8000,5,60,1,7,112,9
2075253,41,8007,5,60,1,7,112,9
2087291,41,8037,5,60,1,7,62,9
2087672,41,8038,5,60,1,7,70,9
2088054,41,8039,5,60,1,7,70,9
2088439,41,8040,5,60,1,7,38,9
2088848,41,8041,5,60,1,7,19,9
2089267,41,8042,5,60,1,7,5,9
2089704,41,8043,5,60,1,7,5,9
2090141,41,8044,5,60,1,7,5,9
2090603,41,8045,5,60,1,7,5,9
2091075,41,8046,5,60,1,7,5,9
2091545,41,8047,5,60,1,7,5,9
2092028,41,8048,5,60,1,7,5,9
2092517,41,8049,5,60,1,7,5,9
2093027,41,8050,5,60,1,7,5,9
2093535,41,8051,5,60,1,7,5,9
2094045,41,8052,5,60,1,7,5,9
2094562,41,8053,5,60,1,7,5,9
2095085,41,8054,5,60,1,7,5,9
2095633,41,8055,5,60,1,7,5,9
2096184,41,8056,5,60,1,7,5,9
2096735,41,8057,5,60,1,7,5,9
2097279,41,8058,5,60,1,7,5,9
2097826,41,8059,5,60,1,7,5,9
2098388,41,8060,5,60,1,7,19,9
2098933,41,8061,5,60,1,7,140,9
2099461,41,8062,5,60,1,7,5,9
2100015,41,8063,5,60,1,7,5,9
2100557,41,8064,5,60,1,7,5,9
2101091,41,8065,5,60,1,7,5,9
2101625,41,8066,5,60,1,7,5,9
2102164,41,8067,5,60,1,7,5,9
2102686,41,8068,5,60,1,7,5,9
2103186,41,8069,5,60,1,7,5,9
2173725,41,8326,5,60,1,7,112,9
2174076,41,8327,5,60,1,7,112,9
2174460,41,8328,5,60,1,7,157,9
2174827,41,8329,5,60,1,7,157,9
2175169,41,8330,5,60,1,7,112,9
2175601,41,8331,5,60,1,7,157,9
2176014,41,8332,5,60,1,7,157,9
2176448,41,8333,5,60,1,7,157,9
2176888,41,8334,5,60,1,7,157,9
2177339,41,8335,5,60,1,7,157,9
2177788,41,8336,5,60,1,7,157,9
2178251,41,8338,5,60,1,7,157,9
2178742,41,8339,5,60,1,7,157,9
2179250,41,8340,5,60,1,7,157,9
2179774,41,8341,5,60,1,7,157,9
2180303,41,8342,5,60,1,7,157,9
2180815,41,8343,5,60,1,7,112,9
2181383,41,8344,5,60,1,7,157,9
2181931,41,8345,5,60,1,7,157,9
2182493,41,8346,5,60,1,7,157,9
2183054,41,8347,5,60,1,7,157,9
2183626,41,8348,5,60,1,7,157,9
2184192,41,8349,5,60,1,7,157,9
2184737,41,8350,5,60,1,7,112,9
2185299,41,8351,5,60,1,7,112,9
2185890,41,8352,5,60,1,7,157,9
2186456,41,8353,5,60,1,7,157,9
2187011,41,8354,5,60,1,7,157,9
2187542,41,8355,5,60,1,7,38,9
2188069,41,8356,5,60,1,7,70,9
2188585,41,8357,5,60,1,7,76,9
2189089,41,8358,5,60,1,7,76,9
2189589,41,8359,5,60,1,7,76,9
2190068,41,8360,5,60,1,7,76,9
2190556,41,8361,5,60,1,7,76,9
2191028,41,8362,5,60,1,7,76,9
2191480,41,8363,5,60,1,7,76,9
2200395,41,8415,5,60,1,7,112,9
2200657,41,8416,5,60,1,7,62,9
2200939,41,8417,5,60,1,7,137,9
2201228,41,8418,5,60,1,7,25,9
2201523,41,8419,5,60,1,7,25,9
2201827,41,8420,5,60,1,7,25,9
2202132,41,8421,5,60,1,7,25,9
2202446,41,8422,5,60,1,7,25,9
2202767,41,8423,5,60,1,7,25,9
2203086,41,8424,5,60,1,7,25,9
2203408,41,8425,5,60,1,7,25,9
2203728,41,8426,5,60,1,7,25,9
2204058,41,8427,5,60,1,7,25,9
2204392,41,8428,5,60,1,7,25,9
2204740,41,8429,5,60,1,7,25,9
2227175,41,8481,5,60,1,7,112,9
2262182,41,8625,5,60,1,7,112,9
2262721,41,8626,5,60,1,7,157,9
2263243,41,8627,5,60,1,7,157,9
2263755,41,8628,5,60,1,7,112,9
2264321,41,8629,5,60,1,7,157,9
2264848,41,8630,5,60,1,7,38,9
2265391,41,8631,5,60,1,7,128,9
2265944,41,8632,5,60,1,7,76,9
2266501,41,8633,5,60,1,7,76,9
2267061,41,8634,5,60,1,7,76,9
2267617,41,8635,5,60,1,7,76,9
2268190,41,8636,5,60,1,7,76,9
2268743,41,8637,5,60,1,7,76,9
2269294,41,8638,5,60,1,7,76,9
2269823,41,8639,5,60,1,7,76,9
2270332,41,8640,5,60,1,7,76,9
2292562,41,8775,5,60,1,7,112,9
2293119,41,8776,5,60,1,7,112,9
2293681,41,8777,5,60,1,7,112,9
2294254,41,8778,5,60,1,7,112,9
2294835,41,8779,5,60,1,7,157,9
2295405,41,8780,5,60,1,7,157,9
2295951,41,8781,5,60,1,7,112,9
2296546,41,8782,5,60,1,7,157,9
2297088,41,8783,5,60,1,7,157,9
2297619,41,8784,5,60,1,7,157,9
2360758,41,9051,5,60,1,7,112,9
2361160,41,9052,5,60,1,7,112,9
2361573,41,9053,5,60,1,7,112,9
2362016,41,9055,5,60,1,7,157,9
2362466,41,9056,5,60,1,7,157,9
2362912,41,9057,5,60,1,7,112,9
2363375,41,9058,5,60,1,7,128,9
2363859,41,9059,5,60,1,7,71,9
2364325,41,9060,5,60,1,7,19,9
2364813,41,9061,5,60,1,7,19,9
2365304,41,9062,5,60,1,7,19,9
2365817,41,9063,5,60,1,7,51,9
2366340,41,9064,5,60,1,7,51,9
2366874,41,9065,5,60,1,7,51,9
2367420,41,9066,5,60,1,7,140,9
2367973,41,9067,5,60,1,7,51,9
2368531,41,9068,5,60,1,7,51,9
2369093,41,9069,5,60,1,7,51,9
2369657,41,9070,5,60,1,7,51,9
2370211,41,9071,5,60,1,7,51,9
2370761,41,9072,5,60,1,7,51,9
2371307,41,9073,5,60,1,7,140,9
2371836,41,9074,5,60,1,7,51,9
2372359,41,9075,5,60,1,7,51,9
2372863,41,9076,5,60,1,7,51,9
2373350,41,9077,5,60,1,7,51,9
2373832,41,9078,5,60,1,7,51,9
2374286,41,9079,5,60,1,7,21,9
2374748,41,9080,5,60,1,7,18,9
2375208,41,9081,5,60,1,7,21,9
2375674,41,9082,5,60,1,7,51,9
2376114,41,9083,5,60,1,7,51,9
2376513,41,9084,5,60,1,7,21,9
2376927,41,9085,5,60,1,7,51,9
2377301,41,9086,5,60,1,7,51,9
2377659,41,9087,5,60,1,7,51,9
2378006,41,9088,5,60,1,7,51,9
2378343,41,9089,5,60,1,7,51,9
2378656,41,9090,5,60,1,7,51,9
2378945,41,9091,5,60,1,7,51,9
2379214,41,9092,5,60,1,7,21,9
2379483,41,9093,5,60,1,7,19,9
2379713,41,9094,5,60,1,7,112,9
2379936,41,9095,5,60,1,7,157,9
2380141,41,9096,5,60,1,7,157,9
2380331,41,9097,5,60,1,7,112,9
2411431,41,9209,5,60,1,7,112,9
2411958,41,9210,5,60,1,7,38,9
2412491,41,9211,5,60,1,7,38,9
2413017,41,9212,5,60,1,7,112,9
2413569,41,9213,5,60,1,7,157,9
2414095,41,9214,5,60,1,7,157,9
2442443,41,9352,5,60,1,7,112,9
2442972,41,9353,5,60,1,7,44,9
2443480,41,9354,5,60,1,7,44,9
2443982,41,9355,5,60,1,7,44,9
2444471,41,9356,5,60,1,7,112,9
2444974,41,9357,5,60,1,7,112,9
2445482,41,9358,5,60,1,7,44,9
2445950,41,9359,5,60,1,7,44,9
2508709,41,9650,5,60,1,7,112,9
2509137,41,9651,5,60,1,7,157,9
2509522,41,9652,5,60,1,7,157,9
2509899,41,9653,5,60,1,7,157,9
2529339,41,9784,5,60,1,7,112,9
2529863,41,9785,5,60,1,7,38,9
2530416,41,9786,5,60,1,7,44,9
2530938,41,9787,5,60,1,7,44,9
2531449,41,9788,5,60,1,7,44,9
2531949,41,9789,5,60,1,7,44,9
2532418,41,9790,5,60,1,7,112,9
2532905,41,9791,5,60,1,7,112,9
2533374,41,9792,5,60,1,7,112,9
2533848,41,9793,5,60,1,7,112,9
2580488,41,10014,5,60,1,7,70,9
2580768,41,10015,5,60,1,7,70,9
2581053,41,10016,5,60,1,7,112,9
2583811,41,10025,5,60,1,7,112,9
2584154,41,10026,5,60,1,7,157,9
2584484,41,10027,5,60,1,7,157,9
2584823,41,10028,5,60,1,7,157,9
2585155,41,10029,5,60,1,7,112,9
2585516,41,10030,5,60,1,7,38,9
2585871,41,10031,5,60,1,7,157,9
2586212,41,10032,5,60,1,7,157,9
2586537,41,10033,5,60,1,7,112,9
2586870,41,10034,5,60,1,7,112,9
2587201,41,10035,5,60,1,7,62,9
2587535,41,10036,5,60,1,7,25,9
2587860,41,10037,5,60,1,7,25,9
2588194,41,10038,5,60,1,7,25,9
2588529,41,10039,5,60,1,7,25,9
2588863,41,10040,5,60,1,7,25,9
2589210,41,10041,5,60,1,7,25,9
2589553,41,10042,5,60,1,7,25,9
2589880,41,10043,5,60,1,7,25,9
2590201,41,10044,5,60,1,7,25,9
2590531,41,10045,5,60,1,7,25,9
2590854,41,10046,5,60,1,7,25,9
2591170,41,10047,5,60,1,7,25,9
2595092,41,10060,5,60,1,7,38,9
2595462,41,10061,5,60,1,7,148,9
2595841,41,10062,5,60,1,7,148,9
2596238,41,10063,5,60,1,7,148,9
2596615,41,10064,5,60,1,7,112,9
2597033,41,10065,5,60,1,7,89,9
2597445,41,10066,5,60,1,7,89,9
2597868,41,10067,5,60,1,7,89,9
2598296,41,10068,5,60,1,7,89,9
2598738,41,10069,5,60,1,7,157,9
2599175,41,10070,5,60,1,7,157,9
2599587,41,10071,5,60,1,7,112,9
2600049,41,10072,5,60,1,7,157,9
2600493,41,10073,5,60,1,7,157,9
2600937,41,10074,5,60,1,7,157,9
2601389,41,10075,5,60,1,7,157,9
2601839,41,10076,5,60,1,7,157,9
2602285,41,10077,5,60,1,7,157,9
2602709,41,10078,5,60,1,7,112,9
2603190,41,10079,5,60,1,7,157,9
2603654,41,10080,5,60,1,7,157,9
2604128,41,10081,5,60,1,7,157,9
2604564,41,10082,5,60,1,7,112,9
2615049,41,10132,5,60,1,7,112,9
2615152,41,10133,5,60,1,7,38,9
2615263,41,10134,5,60,1,7,71,9
2615375,41,10135,5,60,1,7,111,9
2615505,41,10136,5,60,1,7,19,9
2615647,41,10137,5,60,1,7,19,9
2615797,41,10138,5,60,1,7,19,9
2639079,41,10358,5,60,1,7,112,9
2639609,41,10359,5,60,1,7,157,9
2640120,41,10360,5,60,1,7,157,9
2640620,41,10361,5,60,1,7,112,9
2641129,41,10362,5,60,1,7,112,9
2641673,41,10363,5,60,1,7,157,9
2642177,41,10364,5,60,1,7,157,9
2642672,41,10365,5,60,1,7,157,9
2643144,41,10366,5,60,1,7,112,9
2643652,41,10367,5,60,1,7,157,9
2644122,41,10368,5,60,1,7,157,9
2644555,41,10369,5,60,1,7,112,9
2701059,41,10645,5,60,1,7,112,9
2701537,41,10646,5,60,1,7,146,9
2702033,41,10647,5,60,1,7,146,9
2702539,41,10648,5,60,1,7,73,9
2703052,41,10649,5,60,1,7,73,9
2703615,41,10650,5,60,1,7,157,9
2704124,41,10651,5,60,1,7,157,9
2704607,41,10652,5,60,1,7,38,9
2705135,41,10653,5,60,1,7,157,9
2705625,41,10654,5,60,1,7,157,9
2706086,41,10655,5,60,1,7,112,9
2706546,41,10656,5,60,1,7,112,9
2707017,41,10657,5,60,1,7,157,9
2707434,41,10658,5,60,1,7,157,9
2707831,41,10659,5,60,1,7,157,9
2708198,41,10660,5,60,1,7,157,9
2708535,41,10661,5,60,1,7,157,9
2708863,41,10662,5,60,1,7,157,9
2728387,41,10792,5,60,1,7,38,9
2729422,41,10794,5,60,1,7,128,9
2729964,41,10795,5,60,1,7,71,9
2730440,41,10796,5,60,1,7,99,9
2730944,41,10797,5,60,1,7,73,9
2731459,41,10798,5,60,1,7,157,9
2731923,41,10799,5,60,1,7,157,9
2732363,41,10800,5,60,1,7,157,9
2758998,41,10934,5,60,1,7,112,9
2767825,41,10952,5,60,1,7,112,9
2768218,41,10953,5,60,1,7,112,9
2768591,41,10954,5,60,1,7,112,9
2768963,41,10955,5,60,1,7,112,9
2769325,41,10956,5,60,1,7,112,9
2769667,41,10957,5,60,1,7,112,9
2769985,41,10958,5,60,1,7,112,9
2781053,41,11023,5,60,1,7,112,9
2781391,41,11024,5,60,1,7,44,9
2781699,41,11025,5,60,1,7,73,9
2782038,41,11026,5,60,1,7,73,9
2782370,41,11027,5,60,1,7,73,9
2782701,41,11028,5,60,1,7,73,9
2783045,41,11029,5,60,1,7,73,9
2783407,41,11030,5,60,1,7,112,9
2783765,41,11031,5,60,1,7,112,9
2784144,41,11032,5,60,1,7,140,9
2784503,41,11033,5,60,1,7,51,9
2784857,41,11034,5,60,1,7,51,9
2785211,41,11035,5,60,1,7,51,9
2785572,41,11036,5,60,1,7,51,9
2785937,41,11037,5,60,1,7,51,9
2786295,41,11038,5,60,1,7,51,9
2786655,41,11039,5,60,1,7,51,9
2787008,41,11040,5,60,1,7,51,9
2787359,41,11041,5,60,1,7,51,9
2787712,41,11042,5,60,1,7,51,9
2788068,41,11043,5,60,1,7,51,9
2788435,41,11044,5,60,1,7,51,9
2788796,41,11045,5,60,1,7,51,9
2789158,41,11046,5,60,1,7,51,9
2789502,41,11047,5,60,1,7,112,9
2789874,41,11048,5,60,1,7,44,9
2790211,41,11049,5,60,1,7,73,9
2790572,41,11050,5,60,1,7,73,9
2790936,41,11051,5,60,1,7,112,9
2791301,41,11052,5,60,1,7,157,9
2791645,41,11053,5,60,1,7,157,9
2791971,41,11054,5,60,1,7,112,9
2792326,41,11055,5,60,1,7,157,9
2792669,41,11056,5,60,1,7,157,9
2793003,41,11057,5,60,1,7,157,9
2794670,41,11062,5,60,1,7,112,9
2795038,41,11063,5,60,1,7,112,9
2795418,41,11064,5,60,1,7,112,9
2795806,41,11065,5,60,1,7,112,9
2796199,41,11066,5,60,1,7,108,9
2796600,41,11067,5,60,1,7,108,9
2797009,41,11068,5,60,1,7,108,9
2797446,41,11069,5,60,1,7,108,9
2797887,41,11070,5,60,1,7,108,9
2798339,41,11071,5,60,1,7,108,9
2798808,41,11072,5,60,1,7,108,9
2799281,41,11073,5,60,1,7,108,9
2799795,41,11074,5,60,1,7,59,9
2800300,41,11075,5,60,1,7,107,9
2800760,41,11076,5,60,1,7,50,9
2801258,41,11077,5,60,1,7,50,9
2801773,41,11079,5,60,1,7,50,9
2802291,41,11080,5,60,1,7,50,9
2802809,41,11081,5,60,1,7,50,9
2803334,41,11082,5,60,1,7,50,9
2803862,41,11083,5,60,1,7,50,9
2804387,41,11084,5,60,1,7,50,9
2804911,41,11085,5,60,1,7,50,9
2805417,41,11086,5,60,1,7,50,9
2805919,41,11087,5,60,1,7,50,9
2806421,41,11088,5,60,1,7,50,9
2806915,41,11089,5,60,1,7,128,9
2807407,41,11090,5,60,1,7,70,9
2807883,41,11091,5,60,1,7,76,9
2808838,41,11093,5,60,1,7,76,9
2809294,41,11094,5,60,1,7,76,9
2809738,41,11095,5,60,1,7,76,9
2810174,41,11096,5,60,1,7,76,9
2810595,41,11097,5,60,1,7,76,9
2811009,41,11098,5,60,1,7,76,9
2811408,41,11099,5,60,1,7,76,9
2811798,41,11100,5,60,1,7,76,9
2812158,41,11101,5,60,1,7,76,9
2812517,41,11102,5,60,1,7,76,9
2812849,41,11103,5,60,1,7,76,9
2813172,41,11104,5,60,1,7,76,9
2831753,41,11187,5,60,1,7,112,9
2832160,41,11188,5,60,1,7,73,9
2832564,41,11189,5,60,1,7,73,9
2834180,41,11193,5,60,1,7,73,9
2835346,41,11196,5,60,1,7,73,9
2835733,41,11197,5,60,1,7,157,9
2836090,41,11198,5,60,1,7,157,9
2836430,41,11199,5,60,1,7,157,9
2836757,41,11200,5,60,1,7,112,9
2837113,41,11201,5,60,1,7,157,9
2837456,41,11202,5,60,1,7,157,9
2837787,41,11203,5,60,1,7,112,9
2838141,41,11204,5,60,1,7,112,9
2838492,41,11205,5,60,1,7,157,9
2838854,41,11206,5,60,1,7,157,9
2839229,41,11207,5,60,1,7,157,9
2839607,41,11208,5,60,1,7,112,9
2840019,41,11209,5,60,1,7,157,9
2840441,41,11210,5,60,1,7,157,9
2840874,41,11211,5,60,1,7,157,9
2841302,41,11212,5,60,1,7,112,9
2841775,41,11213,5,60,1,7,157,9
2842235,41,11214,5,60,1,7,157,9
2842682,41,11215,5,60,1,7,112,9
2843173,41,11216,5,60,1,7,157,9
2843645,41,11217,5,60,1,7,157,9
2844122,41,11218,5,60,1,7,157,9
2844590,41,11219,5,60,1,7,112,9
2845079,41,11220,5,60,1,7,112,9
2845586,41,11221,5,60,1,7,157,9
2846080,41,11222,5,60,1,7,157,9
2846553,41,11223,5,60,1,7,112,9
2847078,41,11224,5,60,1,7,157,9
2847579,41,11225,5,60,1,7,157,9
2848086,41,11226,5,60,1,7,157,9
2910315,41,11639,5,60,1,7,112,9
2910642,41,11640,5,60,1,7,62,9
2911005,41,11641,5,60,1,7,25,9
2911373,41,11642,5,60,1,7,25,9
2911767,41,11643,5,60,1,7,25,9
2912161,41,11644,5,60,1,7,25,9
2912570,41,11645,5,60,1,7,25,9
2913011,41,11646,5,60,1,7,25,9
2913470,41,11647,5,60,1,7,25,9
2913925,41,11648,5,60,1,7,25,9
2914402,41,11649,5,60,1,7,25,9
2914900,41,11650,5,60,1,7,25,9
2915366,41,11651,5,60,1,7,112,9
2915871,41,11652,5,60,1,7,112,9
2916383,41,11653,5,60,1,7,112,9
2916897,41,11654,5,60,1,7,112,9
2917439,41,11655,5,60,1,7,157,9
2917962,41,11656,5,60,1,7,157,9
2918481,41,11657,5,60,1,7,157,9
2918971,41,11658,5,60,1,7,112,9
2919472,41,11659,5,60,1,7,112,9
2919993,41,11660,5,60,1,7,157,9
2920481,41,11661,5,60,1,7,157,9
2920939,41,11662,5,60,1,7,112,9
2921437,41,11663,5,60,1,7,157,9
2921888,41,11664,5,60,1,7,157,9
2922333,41,11665,5,60,1,7,157,9
2947002,41,11805,5,60,1,7,112,9
2947504,41,11806,5,60,1,7,38,9
2948008,41,11807,5,60,1,7,71,9
2948458,41,11808,5,60,1,7,128,9
2948930,41,11809,5,60,1,7,157,9
2949363,41,11810,5,60,1,7,157,9
2949775,41,11811,5,60,1,7,157,9
2996771,41,12024,5,60,1,7,157,9
2997036,41,12025,5,60,1,7,157,9
2997290,41,12026,5,60,1,7,112,9
2997574,41,12027,5,60,1,7,157,9
2997853,41,12028,5,60,1,7,157,9
3007418,41,12055,5,60,1,7,112,9
3007827,41,12056,5,60,1,7,38,9
3008225,41,12057,5,60,1,7,128,9
3008636,41,12058,5,60,1,7,157,9
3009032,41,12059,5,60,1,7,157,9
3009401,41,12060,5,60,1,7,112,9
3019815,41,12086,5,60,1,7,38,9
3020317,41,12087,5,60,1,7,128,9
3020849,41,12088,5,60,1,7,137,9
3021377,41,12089,5,60,1,7,25,9
3021900,41,12090,5,60,1,7,25,9
3022419,41,12091,5,60,1,7,25,9
3022949,41,12092,5,60,1,7,25,9
3023478,41,12093,5,60,1,7,25,9
3023999,41,12094,5,60,1,7,25,9
3024522,41,12095,5,60,1,7,25,9
3025043,41,12096,5,60,1,7,25,9
3025566,41,12097,5,60,1,7,25,9
3026066,41,12098,5,60,1,7,25,9
3026566,41,12099,5,60,1,7,25,9
3027070,41,12100,5,60,1,7,25,9
3027565,41,12101,5,60,1,7,25,9
3028057,41,12102,5,60,1,7,25,9
3028537,41,12103,5,60,1,7,25,9
3028996,41,12104,5,60,1,7,25,9
3029416,41,12105,5,60,1,7,112,9
3036706,41,12136,5,60,1,7,89,9
3036797,41,12137,5,60,1,7,89,9
3036898,41,12138,5,60,1,7,89,9
3048489,41,12180,5,60,1,7,89,9
3070646,41,12230,5,60,1,7,89,9
3071178,41,12231,5,60,1,7,89,9
3071674,41,12232,5,60,1,7,38,9
3072192,41,12233,5,60,1,7,70,9
3072684,41,12234,5,60,1,7,70,9
3103861,41,12372,5,60,1,7,70,9
3104388,41,12373,5,60,1,7,70,9
3104920,41,12374,5,60,1,7,70,9
3105436,41,12375,5,60,1,7,70,9
3134624,41,12513,5,60,1,7,70,9
3135148,41,12514,5,60,1,7,70,9
3140481,41,12525,5,60,1,7,72,9
3165332,41,12657,5,60,1,7,112,9
3165860,41,12658,5,60,1,7,89,9
3369948,41,13528,5,60,1,7,89,9
3370454,41,13529,5,60,1,7,15,9
3371025,41,13530,5,60,1,7,137,9
3371564,41,13531,5,60,1,7,137,9
3372087,41,13532,5,60,1,7,148,9
3372601,41,13533,5,60,1,7,18,9
3373114,41,13534,5,60,1,7,70,9
3373616,41,13535,5,60,1,7,70,9
3374086,41,13536,5,60,1,7,76,9
3374520,41,13537,5,60,1,7,76,9
3374941,41,13538,5,60,1,7,76,9
3375347,41,13539,5,60,1,7,76,9
3375734,41,13540,5,60,1,7,76,9
3376099,41,13541,5,60,1,7,112,9
3382829,41,13592,5,60,1,7,112,9
3383097,41,13593,5,60,1,7,75,9
3383380,41,13594,5,60,1,7,89,9
3383671,41,13595,5,60,1,7,157,9
3383964,41,13596,5,60,1,7,157,9
3384246,41,13597,5,60,1,7,112,9
3384549,41,13598,5,60,1,7,112,9
3384865,41,13599,5,60,1,7,157,9
3385169,41,13600,5,60,1,7,157,9
3538449,41,14207,5,60,1,7,112,9
3538892,41,14208,5,60,1,7,89,9
3539322,41,14209,5,60,1,7,157,9
3539744,41,14210,5,60,1,7,157,9
3541545,41,14218,5,60,1,7,112,9
3545843,41,14230,5,60,1,7,89,9
3546267,41,14231,5,60,1,7,89,9
3546702,41,14232,5,60,1,7,89,9
3579232,41,14379,5,60,1,7,89,9
3579674,41,14380,5,60,1,7,112,9
3580146,41,14381,5,60,1,7,71,9
3580621,41,14382,5,60,1,7,140,9
3581096,41,14383,5,60,1,7,51,9
3581583,41,14384,5,60,1,7,51,9
3582068,41,14385,5,60,1,7,51,9
3582563,41,14386,5,60,1,7,51,9
3583059,41,14387,5,60,1,7,51,9
3583551,41,14388,5,60,1,7,51,9
3584048,41,14389,5,60,1,7,51,9
3584544,41,14390,5,60,1,7,51,9
3585013,41,14391,5,60,1,7,112,9
3640401,41,14671,5,60,1,7,112,9
3715208,41,15035,5,60,1,7,44,9
3715500,41,15036,5,60,1,7,78,9
3715821,41,15037,5,60,1,7,78,9
3716147,41,15038,5,60,1,7,78,9
3716477,41,15039,5,60,1,7,78,9
3716816,41,15040,5,60,1,7,78,9
3717154,41,15041,5,60,1,7,78,9
3717503,41,15042,5,60,1,7,78,9
3752253,41,15129,5,60,1,7,78,9
3752535,41,15130,5,60,1,7,78,9
3752795,41,15131,5,60,1,7,78,9
3753048,41,15132,5,60,1,7,78,9
4351776,41,18128,5,60,1,7,104,9
4352223,41,18129,5,60,1,7,112,9
4352719,41,18130,5,60,1,7,58,9
4353182,41,18131,5,60,1,7,58,9
4353645,41,18132,5,60,1,7,58,9
4354078,41,18133,5,60,1,7,62,9
5232232,41,22261,5,60,1,7,44,9
5232582,41,22263,5,60,1,7,92,9
5232948,41,22264,5,60,1,7,92,9
5233319,41,22265,5,60,1,7,92,9
5233684,41,22266,5,60,1,7,92,9
5234050,41,22267,5,60,1,7,92,9
5234405,41,22268,5,60,1,7,92,9
5234767,41,22269,5,60,1,7,92,9
7852867,41,37237,5,60,1,7,112,9
7853125,41,37238,5,60,1,7,108,9
7853381,41,37239,5,60,1,7,108,9
7853640,41,37240,5,60,1,7,108,9
7853907,41,37241,5,60,1,7,108,9
7854167,41,37242,5,60,1,7,108,9
7854432,41,37243,5,60,1,7,108,9
7854699,41,37244,5,60,1,7,108,9
7854960,41,37245,5,60,1,7,108,9
7855219,41,37246,5,60,1,7,108,9
7855481,41,37247,5,60,1,7,108,9
7855742,41,37248,5,60,1,7,108,9
7855998,41,37249,5,60,1,7,108,9
7856262,41,37250,5,60,1,7,108,9
7856512,41,37251,5,60,1,7,108,9
7856758,41,37252,5,60,1,7,108,9
7856997,41,37253,5,60,1,7,108,9
7857242,41,37254,5,60,1,7,108,9
7857483,41,37255,5,60,1,7,108,9
7857707,41,37256,5,60,1,7,108,9
7857926,41,37257,5,60,1,7,112,9
7858146,41,37258,5,60,1,7,112,9
7858360,41,37259,5,60,1,7,98,9
7858583,41,37260,5,60,1,7,140,9
7858801,41,37261,5,60,1,7,140,9
7859283,41,37263,5,60,1,7,140,9
7859551,41,37264,5,60,1,7,140,9
7859825,41,37265,5,60,1,7,5,9
7860130,41,37266,5,60,1,7,5,9
7860452,41,37267,5,60,1,7,5,9
7860781,41,37268,5,60,1,7,5,9
7861117,41,37269,5,60,1,7,5,9
7861464,41,37270,5,60,1,7,5,9
7861807,41,37271,5,60,1,7,5,9
7862165,41,37272,5,60,1,7,5,9
7862526,41,37273,5,60,1,7,5,9
7862898,41,37274,5,60,1,7,5,9
7863275,41,37275,5,60,1,7,5,9
7863664,41,37276,5,60,1,7,5,9
7864055,41,37277,5,60,1,7,5,9
7864455,41,37278,5,60,1,7,5,9
7864853,41,37279,5,60,1,7,5,9
7865247,41,37280,5,60,1,7,5,9
7865651,41,37281,5,60,1,7,5,9
7866060,41,37282,5,60,1,7,5,9
7866471,41,37283,5,60,1,7,5,9
7866879,41,37284,5,60,1,7,5,9
7867287,41,37285,5,60,1,7,5,9
7867705,41,37286,5,60,1,7,140,9
7868107,41,37287,5,60,1,7,5,9
7868513,41,37288,5,60,1,7,5,9
7868927,41,37289,5,60,1,7,5,9
7869322,41,37290,5,60,1,7,112,9
26847289,41,110386,0,60,1,7,112,2
26847644,41,110387,0,60,1,7,112,2
29175448,41,119172,0,60,1,7,112,2
29240465,41,119456,0,60,1,7,112,2
31161355,41,128708,0,60,1,7,150,2
